1111111111111111111111111111111111111000000000111111111111111111111111111111111110000000000000000000000001111111111111111111111111111111111111111111111111111100000000000000111111111111111111111111111000000000000000000000000011111111111111111111111111111110
1111111111111111111111111111111111111000000001111111111111111111111111111111111111000000000000000000000011111111111111111111111111111111111111111111111111111110000000000000111111111111111111111111111000000000000000000000000011111111111111111111111111111110
1111111111111111111111111111111111111000000011111111111111111111111111111111111111100000000000000000000011111111111111111111111111111111111111111111111111111110000000000000111111111111111111111111111000000000000000000000000111111111111111111111111111111110
1111111111111111111111111111111111111000000111111111111111111111111111111111111111110000000000000000000111111111111111111111111111111111111111111111111111111111000000000000111111111111111111111111111000000000000000000000000111111111111111111111111111111110
1111111111111111111111111111111111111000000111111111111111111111111111111111111111110000000000000000000111111111111111111111111111111111111111111111111111111111000000000000111111111111111111111111111000000000000000000000000111111111111111111111111111111110
1111111111111111111111111111111111111000001111111111111111111111111111111111111111111000000000000000001111111111111111111111111111111111111111111111111111111111100000000000011111111111111111111111110000000000000000000000000111111111111111111111111111111110
1111111111111111111111111111111111111000001111111111111111111111111111111111111111111000000000000000001111111111111111111111111111111111111111111111111111111111100000000000011111111111111111111111110000000000000000000000000111111111111111111111111111111110
1111111111111111111111111111111111111000011111111111111111111111111111111111111111111100000000000000001111111111111111111111111111111111111111111111111111111111100000000000011111111111111111111111100000000000000000000000000111111111111111111111111111111110
1111111111111111111111111111111111111000011111111111111111111111111111111111111111111100000000000000011111111111111111111111111111111111111111111111111111111111110000000000001111111111111111111111100000000000000000000000000111111111111111111111111111111110
1111111111111111111111111111111111110000111111111111111111111111111111111111111111111110000000000000011111111111111111111111111111111111111111111111111111111111110000000000000111111111111111111111000000000000000000000000000111111111111111111111111111111110
1111111111111111111111111111111111110000111111111111111111111111111111111111111111111110000000000000011111111111111111111111111111111111111111111111111111111111110000000000000111111111111111111111000000000000000000000000000111111111111111111111111111111110
1111111111111111111111111111111111110000111111111111111111111111111111111111111111111110000000000000011111111111111111111111111111111111111111111111111111111111110000000000000011111111111111111110000000000000000000000000000111111111111111111111111111111110
1111111111111111111111111111111111110000111111111111111111111111111111111111111111111110000000000000111111111111111111111111111111111111111111111111111111111111111000000000000000111111111111111000000000000000000000000000000111111111111111111111111111111110
1111111111111111111111111111111111100001111111111111111111111111111111111111111111111111000000000000111111111111111111111111111111111111111111111111111111111111111000000000000000011111111111110000000000000000000000000000000111111111111111111111111111111110
1111111111111111111111111111111111100001111111111111111111111111111111111111111111111111000000000000111111111111111111111111111111111111111111111111111111111111111000000000000000000011111110000000000000000000000000000000000111111111111111111111111111111110
1111111111111111111111111111111111100001111111111111111111111111111111111111111111111111000000000000111111111111111111111111111111111111111111111111111111111111111000000000000000000000000000000000000000000000000000000000000011111111111111111111111111111110
1111111111111111111111111111111111000001111111111111111111111111111111111111111111111111000000000000111111111111111111111111111111111111111111111111111111111111111000000000000000000000000000000000001111111110000000000000000011111111111111111111111111111110
1111111111111111111111111111111111000001111111111111111111111111111111111111111111111111000000000000111111111111111111111111111111111111111111111111111111111111111000000000000000000000000000000111111111111111111000000000000011111111111111111111111111111110
1111111111111111111111111111111110000001111111111111111111111111111111111111111111111111000000000000111111111111111111111111111111111111111111111111111111111111111000000000000000000000000000001111111111111111111110000000000001111111111111111111111111111110
1111111111111111111111111111111110000001111111111111111111111111111111111111111111111111000000000000111111111111111111111111111111111111111111111111111111111111111000000000000000000000000000111111111111111111111111100000000001111111111111111111111111111110
1111111111111111111111111111111100000001111111111111111111111111111111111111111111111111000000000000111111111111111111111111111111111111111111111111111111111111111000000000000000000000000011111111111111111111111111111000000001111111111111111111111111111110
1111111111111111111111111111111100000001111111111111111111111111111111111111111111111111000000000000111111111111111111111111111111111111111111111111111111111111111000000000000000000000000111111111111111111111111111111100000000111111111111111111111111111110
1111111111111111111111111111111000000000111111111111111111111111111111111111111111111110000000000000111111111111111111111111111111111111111111111111111111111111111000000000000000000000001111111111111111111111111111111110000000111111111111111111111111111110
1111111111111111111111111111110000000000111111111111111111111111111111111111111111111110000000000000011111111111111111111111111111111111111111111111111111111111110000000000000000000000111111111111111111111111111111111111000000011111111111111111111111111110
1111111111111111111111111111100000000000111111111111111111111111111111111111111111111110000000000000011111111111111111111111111111111111111111111111111111111111110000000000000000000001111111111111111111111111111111111111100000001111111111111111111111111110
1111111111111111111111111111000000000000111111111111111111111111111111111111111111111110000000000000011111111111111111111111111111111111111111111111111111111111110000000000000000000001111111111111111111111111111111111111110000000111111111111111111111111110
1111111111111111111111111110000000000000011111111111111111111111111111111111111111111100000000000000011111111111111111111111111111111111111111111111111111111111110000000000000000000011111111111111111111111111111111111111111000000011111111111111111111111110
1111111111111111111111111100000000000000011111111111111111111111111111111111111111111100000000000000001111111111111111111111111111111111111111111111111111111111100000000000000000000111111111111111111111111111111111111111111100000001111111111111111111111110
1111111111111111111111111000000000000000001111111111111111111111111111111111111111111000000000000000001111111111111111111111111111111111111111111111111111111111100000000000000000001111111111111111111111111111111111111111111100000000111111111111111111111110
1111111111111111111111110000000000000000001111111111111111111111111111111111111111111000000000000000001111111111111111111111111111111111111111111111111111111111100000000000000000001111111111111111111111111111111111111111111100000000011111111111111111111110
1111111111111111111111100000000000000000000111111111111111111111111111111111111111110000000000000000000111111111111111111111111111111111111111111111111111111111000000000000000000001111111111111111111111111111111111111111111110000000001111111111111111111110
1111111111111111111110000000000000000000000111111111111111111111111111111111111111110000000000000000000111111111111111111111111111111111111111111111111111111111000000000000000000011111111111111111111111111111111111111111111110000000000111111111111111111110
1111111111111111111000000000000000000000000011111111111111111111111111111111111111100000000000000000000011111111111111111111111111111111111111111111111111111110000000000000000000011111111111111111111111111111111111111111111111000000000001111111111111111110
1111111111111111100000000000000000000000000001111111111111111111111111111111111111000000000000000000000011111111111111111111111111111111111111111111111111111110000000000000000000111111111111111111111111111111111111111111111111100000000000011111111111111110
1111111111111100000000000000000000000000000000111111111111111111111111111111111110000000000000000000000001111111111111111111111111111111111111111111111111111100000000000000000000111111111111111111111111111111111111111111111111100000000000000011111111111110
1111111111000000000000000000000000000000000000011111111111111111111111111111111100000000000000000000000000111111111111111111111111111111111111111111111111111000000000000000000000111111111111111111111111111111111111111111111111100000000000000000011111111110
0000000000000000000000000000000000000000000000001111111111111111111111111111111000000000000000000000000000111111111111111111111111111111111111111111111111111000000000000000000000111111111111111111111111111111111111111111111111100000000000000000000000000000
0000000000000000000000000000000000000000000000000111111111111111111111111111110000000000000000000000000000011111111111111111111111111111111111111111111111110000000000000000000001111111111111111111111111111111111111111111111111110000000000000000000000000000
0000000000000000000000000000000000000000000000000001111111111111111111111111000000000000000000000000000000001111111111111111111111111111111111111111111111100000000000000000000001111111111111111111111111111111111111111111111111110000000000000000000000000000
0000000000000000000000000000000000000000000000000000011111111111111111111100000000000000000000000000000000000111111111111111111111111111111111111111111111000000000000000000000001111111111111111111111111111111111111111111111111110000000000000000000000000000
0000000000000000000000000000000000000000000000000000000111111111111111110000000000000000000000000000000000000011111111111111111111111111111111111111111110000000000000000000000001111111111111111111111111111111111111111111111111110000000000000000000000000000
0000000000000000000000000000000000000000000000000000000000011111111100000000000000000000000000000000000000000001111111111111111111111111111111111111111100000000000000000000000001111111111111111111111111111111111111111111111111110000000000000000000000000000
0000000000000000000000000000000000000000000000000000000000000000000000000000000000000000000000000000000000000000111111111111111111111111111111111111111000000000000000000000000001111111111111111111111111111111111111111111111111110000000000000000000000000000
0000000000000000000000000000000000000000000000000000000000000000000000000000000000000000000000000000000000000000001111111111111111111111111111111111100000000000000000000000000001111111111111111111111111111111111111111111111111110000000000000000000000000000
0000000000000000000000000000000000000000000000000000000000000000000000000000000000000000000000000000000000000000000111111111111111111111111111111111000000000000011111100000000001111111111111111111111111111111111111111111111111110000000000000000001111110000
0000000000000000000000000000111111111110000000000000000000000000000000000000000000000000000000000000000000000000000001111111111111111111111111111100000000000001111111111100000001111111111111111111111111111111111111111111111111100000000000000001111111111110
0000000000000000000000000111111111111111110000000000000000000000000000000000000000000000000000000000000000000000000000011111111111111111111111110000000000000011111111111110000000111111111111111111111111111111111111111111111111100000000000000011111111111110
0000000000000000000000111111111111111111111110000000000000000000000000000000000000000000000000000000000000000000000000000011111111111111111110000000000000000111111111111111000000111111111111111111111111111111111111111111111111100000000000000111111111111110
0000000000000000000011111111111111111111111111100000000000000000000000000000000000000000000000000000000000000000000000000000001111111111100000000000000000001111111111111111100000111111111111111111111111111111111111111111111111100000000000001111111111111110
0000000000000000001111111111111111111111111111111000000000000000000000000000000000000111111111000000000000000000000000000000000000000000000000000000000000001111111111111111100000111111111111111111111111111111111111111111111111000000000000001111111111111110
0000000000000000011111111111111111111111111111111100000000000000000000000000000001111111111111111100000000000000000000000000000000000000000000000000000000011111111111111111100000011111111111111111111111111111111111111111111111000000000000001111111111111110
0000000000000000111111111111111111111111111111111110000000000000000000000000000111111111111111111111000000000000000000000000000000000000000000000000000000011111111111111111110000011111111111111111111111111111111111111111111110000000000000001111111111111110
0000000000000001111111111111111111111111111111111111000000000000000000000000011111111111111111111111110000000000000000000000000000000000000000000000000000011111111111111111110000001111111111111111111111111111111111111111111110000000000000011111111111111110
0000000000000011111111111111111111111111111111111111100000000000000000000000111111111111111111111111111000000000000000000000000000000000000000000000000000011111111111111111110000001111111111111111111111111111111111111111111100000000000000011111111111111110
0000000000000111111111111111111111111111111111111111110000000000000000000011111111111111111111111111111110000000000000000000000000000000000000000000000000011111111111111111110000000111111111111111111111111111111111111111111100000000000000011111111111111110
0000000000001111111111111111111111111111111111111111111000000000000000000111111111111111111111111111111111000000000000000000000000000000000000000000000000011111111111111111100000000111111111111111111111111111111111111111111000000000000000001111111111111110
0000000000011111111111111111111111111111111111111111111100000000000000001111111111111111111111111111111111100000000000000000000000000000000000000000000000001111111111111111100000000011111111111111111111111111111111111111110000000000000000001111111111111110
0000000000111111111111111111111111111111111111111111111110000000000000011111111111111111111111111111111111110000000000000000000000000000000000000000000000001111111111111111100000000001111111111111111111111111111111111111100000000000000000001111111111111110
0000000000111111111111111111111111111111111111111111111110000000000000011111111111111111111111111111111111110000000000000000000000000000000000000000000000001111111111111111000000000000111111111111111111111111111111111111100000000000000000000111111111111110
0000000001111111111111111111111111111111111111111111111111000000000000111111111111111111111111111111111111111000000000000000000000000000000000000000000000000111111111111110000000000000111111111111111111111111111111111111000000000000000000000011111111111110
0000000001111111111111111111111111111111111111111111111111000000000001111111111111111111111111111111111111111100000000000000000000000000000000000000000000000011111111111100000000000000001111111111111111111111111111111100000000000000000000000001111111111110
0000000011111111111111111111111111111111111111111111111111100000000001111111111111111111111111111111111111111100000000000000000000000000000000000000000000000001111111111000000000000000000111111111111111111111111111111000000000000000000000000000111111111100
0000000011111111111111111111111111111111111111111111111111100000000011111111111111111111111111111111111111111110000000000000000000000000000000000000000000000000001111000000000000000000000011111111111111111111111111110000000000000000000000000000000111100000
0000000011111111111111111111111111111111111111111111111111100000000011111111111111111111111111111111111111111110000000000000000000000000000011111111111000000000000000000000000000000000000000111111111111111111111111000000000001111111111110000000000000000000
0000000111111111111111111111111111111111111111111111111111110000000111111111111111111111111111111111111111111111000000000000000000000000111111111111111111100000000000000000000000000000000000001111111111111111111100000000011111111111111111111000000000000000
0000000111111111111111111111111111111111111111111111111111110000000111111111111111111111111111111111111111111111000000000000000000000111111111111111111111111100000000000000000000000000000000000011111111111111110000000011111111111111111111111111000000000000
0000000111111111111111111111111111111111111111111111111111110000000111111111111111111111111111111111111111111111000000000000000000011111111111111111111111111111000000000000000000000000000000000000001111111100000000001111111111111111111111111111110000000000
0000001111111111111111111111111111111111111111111111111111111000000111111111111111111111111111111111111111111111000000000000000001111111111111111111111111111111110000000000000000000000000000000000000000000000000000011111111111111111111111111111111000000000
0000001111111111111111111111111111111111111111111111111111111000001111111111111111111111111111111111111111111111100000000000000011111111111111111111111111111111111000000000000000000000001111110000000000000000000001111111111111111111111111111111111110000000
0000001111111111111111111111111111111111111111111111111111111000001111111111111111111111111111111111111111111111100000000000001111111111111111111111111111111111111110000000000000000000111111111100000000000000000011111111111111111111111111111111111111000000
0000001111111111111111111111111111111111111111111111111111111000001111111111111111111111111111111111111111111111100000000000111111111111111111111111111111111111111111000000000000000001111111111110000000000000001111111111111111111111111111111111111111110000
0000001111111111111111111111111111111111111111111111111111111000001111111111111111111111111111111111111111111111100000000001111111111111111111111111111111111111111111100000000000000011111111111111000000000000011111111111111111111111111111111111111111111000
0000001111111111111111111111111111111111111111111111111111111000001111111111111111111111111111111111111111111111100000000001111111111111111111111111111111111111111111110000000000000011111111111111100000000000111111111111111111111111111111111111111111111100
0000001111111111111111111111111111111111111111111111111111111000001111111111111111111111111111111111111111111111100000000011111111111111111111111111111111111111111111111000000000000111111111111111100000000000111111111111111111111111111111111111111111111100
0000001111111111111111111111111111111111111111111111111111111000001111111111111111111111111111111111111111111111100000000111111111111111111111111111111111111111111111111100000000000111111111111111110000000001111111111111111111111111111111111111111111111110
0000001111111111111111111111111111111111111111111111111111111000001111111111111111111111111111111111111111111111100000001111111111111111111111111111111111111111111111111110000000000111111111111111110000000011111111111111111111111111111111111111111111111110
0000001111111111111111111111111111111111111111111111111111111000001111111111111111111111111111111111111111111111000000011111111111111111111111111111111111111111111111111110000000000111111111111111110000000011111111111111111111111111111111111111111111111110
0000001111111111111111111111111111111111111111111111111111111000000111111111111111111111111111111111111111111111000000111111111111111111111111111111111111111111111111111111000000000111111111111111110000000111111111111111111111111111111111111111111111111110
0000000111111111111111111111111111111111111111111111111111110000000111111111111111111111111111111111111111111111000000111111111111111111111111111111111111111111111111111111100000000111111111111111100000001111111111111111111111111111111111111111111111111110
0000000111111111111111111111111111111111111111111111111111110000000111111111111111111111111111111111111111111111000001111111111111111111111111111111111111111111111111111111100000000011111111111111100000001111111111111111111111111111111111111111111111111110
0000000111111111111111111111111111111111111111111111111111110000000111111111111111111111111111111111111111111111000001111111111111111111111111111111111111111111111111111111110000000011111111111111000000011111111111111111111111111111111111111111111111111110
0000000011111111111111111111111111111111111111111111111111100000000011111111111111111111111111111111111111111110000011111111111111111111111111111111111111111111111111111111110000000001111111111110000000011111111111111111111111111111111111111111111111111110
0000000011111111111111111111111111111111111111111111111111100000000011111111111111111111111111111111111111111110000011111111111111111111111111111111111111111111111111111111111000000000111111111100000000011111111111111111111111111111111111111111111111111110
0000000011111111111111111111111111111111111111111111111111100000000001111111111111111111111111111111111111111100000011111111111111111111111111111111111111111111111111111111111000000000011111111000000000111111111111111111111111111111111111111111111111111110
0000000001111111111111111111111111111111111111111111111111000000000001111111111111111111111111111111111111111100000111111111111111111111111111111111111111111111111111111111111000000000000111100000000000111111111111111111111111111111111111111111111111111110
0000000001111111111111111111111111111111111111111111111111000000000000111111111111111111111111111111111111111000000111111111111111111111111111111111111111111111111111111111111100000000000000000000000000111111111111111111111111111111111111111111111111111110
0000000000111111111111111111111111111111111111111111111110000000000000011111111111111111111111111111111111110000000111111111111111111111111111111111111111111111111111111111111100000000000000000000000000111111111111111111111111111111111111111111111111111110
0000000000111111111111111111111111111111111111111111111110000000000000011111111111111111111111111111111111100000000111111111111111111111111111111111111111111111111111111111111100000000000000000000000001111111111111111111111111111111111111111111111111111110
0000000000011111111111111111111111111111111111111111111100000000000000001111111111111111111111111111111111000000001111111111111111111111111111111111111111111111111111111111111100000000000111111000000001111111111111111111111111111111111111111111111111111110
0000000000001111111111111111111111111111111111111111111000000000000000000111111111111111111111111111111111000000001111111111111111111111111111111111111111111111111111111111111110000000001111111100000001111111111111111111111111111111111111111111111111111110
0000000000000111111111111111111111111111111111111111110000000000000000000011111111111111111111111111111100000000001111111111111111111111111111111111111111111111111111111111111110000000011111111110000001111111111111111111111111111111111111111111111111111110
1111100000000011111111111111111111111111111111111111100000000000000000000000111111111111111111111111110000000000001111111111111111111111111111111111111111111111111111111111111110000000011111111111000001111111111111111111111111111111111111111111111111111110
1111111000000001111111111111111111111111111111111111000000000000000000000000011111111111111111111111100000000000001111111111111111111111111111111111111111111111111111111111111110000000011111111111000001111111111111111111111111111111111111111111111111111110
1111111100000000111111111111111111111111111111111110000000000000000000000000000111111111111111111110000000000000001111111111111111111111111111111111111111111111111111111111111110000000011111111111000001111111111111111111111111111111111111111111111111111110
1111111100000000011111111111111111111111111111111100000000000000000000000000000001111111111111111000000000000000001111111111111111111111111111111111111111111111111111111111111110000000011111111111000001111111111111111111111111111111111111111111111111111110
1111111110000000001111111111111111111111111111111000000000000000000000000000000000000111111110000000000000000000001111111111111111111111111111111111111111111111111111111111111110000000011111111110000001111111111111111111111111111111111111111111111111111110
1111111110000000000011111111111111111111111111100000000000000011111111100000000000000000000000000000000000000000001111111111111111111111111111111111111111111111111111111111111110000000001111111100000001111111111111111111111111111111111111111111111111111110
1111111110000000000000111111111111111111111110000000000000011111111111111100000000000000000000000000000000000000001111111111111111111111111111111111111111111111111111111111111110000000000111111000000001111111111111111111111111111111111111111111111111111110
1111111110000000000000000111111111111111110000000000000001111111111111111111000000000000000000000000000000000000001111111111111111111111111111111111111111111111111111111111111110000000000011110000000001111111111111111111111111111111111111111111111111111110
1111111110000000000000000000111111111110000000000000000111111111111111111111100000000000000000000000000000000000001111111111111111111111111111111111111111111111111111111111111100000000000000000000000000111111111111111111111111111111111111111111111111111110
1111111100000000000000000000000000000000000000000000001111111111111111111111111000000000000000000000000000000000000111111111111111111111111111111111111111111111111111111111111100000000000000000000000000111111111111111111111111111111111111111111111111111110
1111111100000000000000000000000000000000000000000000011111111111111111111111111100000000000000011111111000000000000111111111111111111111111111111111111111111111111111111111111100000000000000000000000000111111111111111111111111111111111111111111111111111110
1111111000000000000000000000000000000000000000000000111111111111111111111111111110000000000001111111111110000000000111111111111111111111111111111111111111111111111111111111111100000000000000000000000000111111111111111111111111111111111111111111111111111110
1111100000000000000000000000000000000000000000000000111111111111111111111111111110000000000111111111111111100000000111111111111111111111111111111111111111111111111111111111111000000000000000000000000000011111111111111111111111111111111111111111111111111110
0000000000000000000000000000000000000000000000000001111111111111111111111111111111000000001111111111111111110000000011111111111111111111111111111111111111111111111111111111111000000000000000000000000000011111111111111111111111111111111111111111111111111110
0000000000000000000000000000000000000000000000000011111111111111111111111111111111100000001111111111111111111000000011111111111111111111111111111111111111111111111111111111111000000000000000000000000000011111111111111111111111111111111111111111111111111110
0000000000000000000000000000000000000000000000000111111111111111111111111111111111100000011111111111111111111000000011111111111111111111111111111111111111111111111111111111110000000000111111110000000000001111111111111111111111111111111111111111111111111110
0000000000000111111111111000000000000000000000000111111111111111111111111111111111110000011111111111111111111100000001111111111111111111111111111111111111111111111111111111110000000111111111111110000000001111111111111111111111111111111111111111111111111110
0000000000111111111111111111100000000000000000000111111111111111111111111111111111110000111111111111111111111100000001111111111111111111111111111111111111111111111111111111100000011111111111111111100000000111111111111111111111111111111111111111111111111110
0000000111111111111111111111111000000000000000001111111111111111111111111111111111110000111111111111111111111110000000111111111111111111111111111111111111111111111111111111100000111111111111111111110000000011111111111111111111111111111111111111111111111110
0000001111111111111111111111111110000000000000001111111111111111111111111111111111111000111111111111111111111110000000111111111111111111111111111111111111111111111111111111000001111111111111111111111000000011111111111111111111111111111111111111111111111110
0000111111111111111111111111111111100000000000001111111111111111111111111111111111111000111111111111111111111110000000011111111111111111111111111111111111111111111111111110000011111111111111111111111100000001111111111111111111111111111111111111111111111110
0011111111111111111111111111111111110000000000001111111111111111111111111111111111111000111111111111111111111110000000001111111111111111111111111111111111111111111111111110000111111111111111111111111110000000111111111111111111111111111111111111111111111100
0111111111111111111111111111111111111100000000001111111111111111111111111111111111111000111111111111111111111110000000001111111111111111111111111111111111111111111111111100000111111111111111111111111111000000111111111111111111111111111111111111111111111100
1111111111111111111111111111111111111110000000001111111111111111111111111111111111111000111111111111111111111110000000000111111111111111111111111111111111111111111111111000001111111111111111111111111111000000011111111111111111111111111111111111111111111000
1111111111111111111111111111111111111111000000001111111111111111111111111111111111111000111111111111111111111100000000000011111111111111111111111111111111111111111111110000001111111111111111111111111111100000001111111111111111111111111111111111111111110000
1111111111111111111111111111111111111111100000001111111111111111111111111111111111111000011111111111111111111100000000000001111111111111111111111111111111111111111111100000001111111111111111111111111111100000000111111111111111111111111111111111111111100000
1111111111111111111111111111111111111111110000001111111111111111111111111111111111111000011111111111111111111000000000000000111111111111111111111111111111111111111111000000011111111111111111111111111111100000000001111111111111111111111111111111111110000000
1111111111111111111111111111111111111111110000001111111111111111111111111111111111110000001111111111111111111000000000000000011111111111111111111111111111111111111110000000011111111111111111111111111111110000000000111111111111111111111111111111111100000000
1111111111111111111111111111111111111111111000000111111111111111111111111111111111110000001111111111111111110000000000000000001111111111111111111111111111111111111100000000011111111111111111111111111111110000000000001111111111111111111111111111110000000000
1111111111111111111111111111111111111111111100000111111111111111111111111111111111110000000111111111111111100000000000000000000011111111111111111111111111111111110000000000011111111111111111111111111111110000000000000111111111111111111111111111100000000000
1111111111111111111111111111111111111111111100000111111111111111111111111111111111100000000011111111111111000000000000000000000001111111111111111111111111111111100000000000011111111111111111111111111111110000000000000001111111111111111111111110000000000000
1111111111111111111111111111111111111111111110000011111111111111111111111111111111100000000000111111111100000000000000000000000000011111111111111111111111111110000000000000011111111111111111111111111111110000000000000000001111111111111111110000000000000000
1111111111111111111111111111111111111111111110000011111111111111111111111111111111000000000000001111110000000000000000000000000000000111111111111111111111111000000000000000011111111111111111111111111111110000000000000000000000111111111100000000000000000000
1111111111111111111111111111111111111111111111000001111111111111111111111111111110000000000000000000000000000000000000000000000000000000111111111111111111000000000000000000011111111111111111111111111111100000000000000000000000000000000000000000000000000000
1111111111111111111111111111111111111111111111000000111111111111111111111111111110000000000000000000000000000000000000000000000000000000000001111111110000000000000000000000001111111111111111111111111111100000000000000000000000000000000000000000000000000000
1111111111111111111111111111111111111111111111100000111111111111111111111111111100000000000000000000000000000000000000000000000000000000000000000000000000000000000000000000001111111111111111111111111111100000000000000000000000010000000000000000000000000000
1111111111111111111111111111111111111111111111100000011111111111111111111111111000000000000000000000000000000000000000000000000000000000000000000000000000000000000000000000001111111111111111111111111111000000000000000000000000111111111000000000000000000000
1111111111111111111111111111111111111111111111100000000111111111111111111111110000000000000001111111110000000000000000000000000000000000000000000000000000000000000000000000000111111111111111111111111111000000000000000000000011111111111100000000000000000000
1111111111111111111111111111111111111111111111100000000011111111111111111111000000000000001111111111111110000000000000000000000000000000000000111111110000000000000000000000000111111111111111111111111110000000000000000000000111111111111110000000000000000000
1111111111111111111111111111111111111111111111110000000000111111111111111100000000000011111111111111111111110000000000000000000000000000000111111111111110000000000000000000000011111111111111111111111100000000000000000000001111111111111111000000000000000000
1111111111111111111111111111111111111111111111110000000000000111111111110000000000001111111111111111111111111100000000000000000000000000011111111111111111100000000000000000000001111111111111111111111000000000000000000000011111111111111111100000000000000000
1111111111111111111111111111111111111111111111110000000000000000000000000000000000011111111111111111111111111110000000000000000000000001111111111111111111111000000000000000000000111111111111111111110000000000000000000000011111111111111111100000000000000000
1111111111111111111111111111111111111111111111110000000000000000000000000000000001111111111111111111111111111111100000000000000000000011111111111111111111111100000000000000000000011111111111111111100000000000000000000000111111111111111111110000000000000000
1111111111111111111111111111111111111111111111110000000000000000000000000000000011111111111111111111111111111111110000000000000000000111111111111111111111111110000000000000000000000111111111111110000000000000000000000000111111111111111111110000000000000000
1111111111111111111111111111111111111111111111110000000001111000000000000000000111111111111111111111111111111111111000000000000000001111111111111111111111111111000000000000000000000000111111110000000000000000000000000000111111111111111111110000000000000000
1111111111111111111111111111111111111111111111110000000111111110000000000000001111111111111111111111111111111111111100000000000000011111111111111111111111111111100000000000000000000000000000000000000000000000000000000000111111111111111111110000000000000000
1111111111111111111111111111111111111111111111110000001111111111000000000000011111111111111111111111111111111111111110000000000000111111111111111111111111111111110000000000000000000000000000000000000000000000000000000000111111111111111111110000000000000000
1111111111111111111111111111111111111111111111110000011111111111100000000000111111111111111111111111111111111111111111000000000000111111111111111111111111111111111000000000000000000000000000000000000000000000000000000000111111111111111111110000000000000000
1111111111111111111111111111111111111111111111110000011111111111110000000000111111111111111111111111111111111111111111100000000001111111111111111111111111111111111000000000000000000000000000000000000000000000000000000000111111111111111111110000000000000000
1111111111111111111111111111111111111111111111100000111111111111110000000001111111111111111111111111111111111111111111100000000001111111111111111111111111111111111100000000000000000000000000000000000000000000000000000000111111111111111111110000000000000000
1111111111111111111111111111111111111111111111100000111111111111111000000011111111111111111111111111111111111111111111110000000011111111111111111111111111111111111100000000000000000000000000001111111111000000000000000000011111111111111111100000000000000000
1111111111111111111111111111111111111111111111100000111111111111111000000011111111111111111111111111111111111111111111111000000011111111111111111111111111111111111110000000000000000000000011111111111111111100000000000000011111111111111111100000000000000000
1111111111111111111111111111111111111111111111100000111111111111111000000111111111111111111111111111111111111111111111111000000011111111111111111111111111111111111110000000000000000000011111111111111111111111100000000000001111111111111111000000000000000000
1111111111111111111111111111111111111111111111000000111111111111111000000111111111111111111111111111111111111111111111111100000111111111111111111111111111111111111110000000000000000001111111111111111111111111111000000000000111111111111110000000000000000000
1111111111111111111111111111111111111111111111000000011111111111110000000111111111111111111111111111111111111111111111111100000111111111111111111111111111111111111111000000000000000011111111111111111111111111111100000000000011111111111100000000000000011110
1111111111111111111111111111111111111111111110000000011111111111110000001111111111111111111111111111111111111111111111111100000111111111111111111111111111111111111111000000000000001111111111111111111111111111111111000000000000111111110000000000000111111110
1111111111111111111111111111111111111111111110000000011111111111100000001111111111111111111111111111111111111111111111111110000111111111111111111111111111111111111111000000000000011111111111111111111111111111111111100000000000000000000000000000011111111110
1111111111111111111111111111111111111111111100000000001111111111000000001111111111111111111111111111111111111111111111111110000111111111111111111111111111111111111111000000000001111111111111111111111111111111111111111000000000000000000000000001111111111110
1111111111111111111111111111111111111111111100000000000011111100000000011111111111111111111111111111111111111111111111111110000111111111111111111111111111111111111111000000000011111111111111111111111111111111111111111100000000000000000000000111111111111110
1111111111111111111111111111111111111111111000000000000000000000000000011111111111111111111111111111111111111111111111111111000111111111111111111111111111111111111111000000000111111111111111111111111111111111111111111110000000000000000000001111111111111110
1111111111111111111111111111111111111111110000000000000000000000000000011111111111111111111111111111111111111111111111111111000111111111111111111111111111111111111111000000001111111111111111111111111111111111111111111111000000000000000000011111111111111110
1111111111111111111111111111111111111111110000000000000000000000000000011111111111111111111111111111111111111111111111111111000111111111111111111111111111111111111111000000001111111111111111111111111111111111111111111111100000000000000000111111111111111110
1111111111111111111111111111111111111111100000000000000000000000000000011111111111111111111111111111111111111111111111111111000111111111111111111111111111111111111110000000011111111111111111111111111111111111111111111111100000000000000001111111111111111110
1111111111111111111111111111111111111111000000000000000000000000000000011111111111111111111111111111111111111111111111111111000011111111111111111111111111111111111110000000111111111111111111111111111111111111111111111111110000000000000011111111111111111110
1111111111111111111111111111111111111110000000000000000000000000000000011111111111111111111111111111111111111111111111111111000011111111111111111111111111111111111110000000111111111111111111111111111111111111111111111111111000000000000111111111111111111110
0111111111111111111111111111111111111100000000000000000000000000000000011111111111111111111111111111111111111111111111111111000011111111111111111111111111111111111100000001111111111111111111111111111111111111111111111111111000000000001111111111111111111110
0001111111111111111111111111111111110000000000000000000000000000000000011111111111111111111111111111111111111111111111111111000001111111111111111111111111111111111100000011111111111111111111111111111111111111111111111111111100000000001111111111111111111110
0000111111111111111111111111111111100000000000000000000000000000000000011111111111111111111111111111111111111111111111111111000001111111111111111111111111111111111000000011111111111111111111111111111111111111111111111111111110000000011111111111111111111110
0000001111111111111111111111111110000000000000000000000000000000000000011111111111111111111111111111111111111111111111111111000000111111111111111111111111111111111000000111111111111111111111111111111111111111111111111111111110000000011111111111111111111110
0000000011111111111111111111111000000000000000000000000000000000000000001111111111111111111111111111111111111111111111111110000000111111111111111111111111111111110000000111111111111111111111111111111111111111111111111111111111000000111111111111111111111110
0000000000111111111111111111100000000000000000000000000000000000000000001111111111111111111111111111111111111111111111111110000000011111111111111111111111111111100000000111111111111111111111111111111111111111111111111111111111000000111111111111111111111110
0000000000000011111111111000000000000000000000000000000000000000000000001111111111111111111111111111111111111111111111111110000000001111111111111111111111111111000000001111111111111111111111111111111111111111111111111111111111000001111111111111111111111110
1111000000000000000000000000000000000000000000000000000000000000000000000111111111111111111111111111111111111111111111111100000000000111111111111111111111111110000000001111111111111111111111111111111111111111111111111111111111100001111111111111111111111110
1111110000000000000000000000000000000000000000000000000000000000000000000111111111111111111111111111111111111111111111111100000000000011111111111111111111111100000000001111111111111111111111111111111111111111111111111111111111100001111111111111111111111110
1111111100000000000000000000000000000000000000000000000000000000000000000111111111111111111111111111111111111111111111111100000000000000111111111111111111110000000000001111111111111111111111111111111111111111111111111111111111100001111111111111111111111110
1111111110000000000000000000000000000000000000000000000000000000000000000011111111111111111111111111111111111111111111111000000000000000001111111111111111000000000000011111111111111111111111111111111111111111111111111111111111100011111111111111111111111110
1111111111000000000000000000000000000000000000000000000000000000000000000011111111111111111111111111111111111111111111111000000000000000000001111111111000000000000000011111111111111111111111111111111111111111111111111111111111110011111111111111111111111110
1111111111100000000000000000000000000000000000000000000000000000000000000001111111111111111111111111111111111111111111110000000000000000000000000000000000000000000000011111111111111111111111111111111111111111111111111111111111110011111111111111111111111110
1111111111100000000000000011100000000000000000000000000000000000000000000000111111111111111111111111111111111111111111100000000000000000000000000000000000000000000000011111111111111111111111111111111111111111111111111111111111110011111111111111111111111110
1111111111110000000000001111111000000000000000000000000000000000000000000000111111111111111111111111111111111111111111100000000000000000000000000000000000000000000000011111111111111111111111111111111111111111111111111111111111110011111111111111111111111110
1111111111110000000000001111111000000000000000000000000111111111000000000000011111111111111111111111111111111111111111000000011111100000000000000000000000000000000000011111111111111111111111111111111111111111111111111111111111110011111111111111111111111110
1111111111111000000000011111111100000000000000000001111111111111111100000000001111111111111111111111111111111111111110000001111111111000000000000000000000000000000000011111111111111111111111111111111111111111111111111111111111110011111111111111111111111110
1111111111111000000000011111111100000000000000000111111111111111111111000000000111111111111111111111111111111111111100000111111111111110000000000000000000000000000000011111111111111111111111111111111111111111111111111111111111110011111111111111111111111110
1111111111111000000000011111111100000000000000011111111111111111111111110000000011111111111111111111111111111111111000001111111111111111000000000000000000000000000000011111111111111111111111111111111111111111111111111111111111110001111111111111111111111110
1111111111111000000000001111111000000000000001111111111111111111111111111100000001111111111111111111111111111111110000011111111111111111100000000000000011110000000000011111111111111111111111111111111111111111111111111111111111110001111111111111111111111110
1111111111111000000000001111111000000000000011111111111111111111111111111110000000011111111111111111111111111111000000011111111111111111110000000000001111111100000000011111111111111111111111111111111111111111111111111111111111100001111111111111111111111110
1111111111111000000000000011100000000000000111111111111111111111111111111111000000001111111111111111111111111110000000111111111111111111110000000000011111111110000000011111111111111111111111111111111111111111111111111111111111100000111111111111111111111110
1111111111111000000000000000000000000000011111111111111111111111111111111111110000000011111111111111111111111000000000111111111111111111111000000000011111111111000000001111111111111111111111111111111111111111111111111111111111100000111111111111111111111110
1111111111110000000000000000000000000000011111111111111111111111111111111111110000000000011111111111111111000000000001111111111111111111111000000000111111111111000000001111111111111111111111111111111111111111111111111111111111100000111111111111111111111110
1111111111110000000000000000000000000000111111111111111111111111111111111111111000000000000011111111111000000000000001111111111111111111111100000000111111111111100000001111111111111111111111111111111111111111111111111111111111100000011111111111111111111110
1111111111100000000000000000000000000001111111111111111111111111111111111111111100000000000000000000000000000000000001111111111111111111111100000000111111111111100000001111111111111111111111111111111111111111111111111111111111000000001111111111111111111110
1111111111100000000000000000000000000011111111111111111111111111111111111111111110000000000000000000000000000000000001111111111111111111111100000000111111111111100000000111111111111111111111111111111111111111111111111111111111000000001111111111111111111110
1111111111000000000000000000000000000011111111111111111111111111111111111111111110000000000000000000000000000000000001111111111111111111111100000000111111111111100000000111111111111111111111111111111111111111111111111111111111000000000111111111111111111110
1111111110000000000000000000000000000111111111111111111111111111111111111111111111000000000000000000000000000000000001111111111111111111111100000000111111111111000000000111111111111111111111111111111111111111111111111111111110000000000111111111111111111110
1111111100000000000000000000000000000111111111111111111111111111111111111111111111000000000000000000000000000000000001111111111111111111111100000000011111111111000000000011111111111111111111111111111111111111111111111111111110000000000011111111111111111110
1111110000000000000000000000000000001111111111111111111111111111111111111111111111100000000000000000000000000000000000111111111111111111111000000000011111111110000000000011111111111111111111111111111111111111111111111111111100000000000001111111111111111110
1111000000000000000000000000000000001111111111111111111111111111111111111111111111100000000000000000000000000000000000111111111111111111111000000000000111111000000000000001111111111111111111111111111111111111111111111111111000000000000000111111111111111110
0000000000000000000000000000000000011111111111111111111111111111111111111111111111110000000000000000000111111100000000111111111111111111110000000000000000000000000000000000111111111111111111111111111111111111111111111111111000000000000000011111111111111110
0000000000000000000000000000000000011111111111111111111111111111111111111111111111110000000000000000111111111111100000011111111111111111110000000000000000000000000000000000111111111111111111111111111111111111111111111111110000000000000000001111111111111110
0000000000000000000000000000000000011111111111111111111111111111111111111111111111110000000000000011111111111111111000001111111111111111100000000000000000000000000000000000011111111111111111111111111111111111111111111111100000000000000000000011111111111110
1111111111100000000000000000000000011111111111111111111111111111111111111111111111110000000000000111111111111111111100000111111111111111000000000000000000000000000000000000001111111111111111111111111111111111111111111111100000000000000000000000111111111110
1111111111111110000000000000000000111111111111111111111111111111111111111111111111111000000000001111111111111111111110000001111111111100000000000000000011111111110000000000001111111111111111111111111111111111111111111111000000000000000000000000001111111110
1111111111111111100000000000000000111111111111111111111111111111111111111111111111111000000000011111111111111111111111000000011111110000000000000000011111111111111110000000000111111111111111111111111111111111111111111110000000000000000000000000000000111110
1111111111111111111000000000000000111111111111111111111111111111111111111111111111111000000000111111111111111111111111100000000000000000000000000011111111111111111111110000000011111111111111111111111111111111111111111100000000000000000000000000000000000000
1111111111111111111110000000000000111111111111111111111111111111111111111111111111111000000000111111111111111111111111100000000000000000000000001111111111111111111111111100000000111111111111111111111111111111111111110000000000000000000000000000000000000000
1111111111111111111111000000000000111111111111111111111111111111111111111111111111111000000001111111111111111111111111110000000000000000000000011111111111111111111111111110000000011111111111111111111111111111111111100000000000000000000000000000000000000000
1111111111111111111111110000000000111111111111111111111111111111111111111111111111111000000001111111111111111111111111110000000000000000000001111111111111111111111111111111100000000111111111111111111111111111111110000000000000000000000000000000000000000000
1111111111111111111111111000000000111111111111111111111111111111111111111111111111111000000001111111111111111111111111110000000000000000000011111111111111111111111111111111110000000011111111111111111111111111111100000000000000000000000000000000000000000000
1111111111111111111111111100000000111111111111111111111111111111111111111111111111111000000011111111111111111111111111111000000000000000000111111111111111111111111111111111111000000000111111111111111111111111110000000000000000000000000000000000000000000000
1111111111111111111111111110000000111111111111111111111111111111111111111111111111111000000011111111111111111111111111111000000000000000001111111111111111111111111111111111111100000000000111111111111111111110000000000000000000000000000000000000000000000000
1111111111111111111111111111000000011111111111111111111111111111111111111111111111110000000011111111111111111111111111111000000000000000011111111111111111111111111111111111111110000000000000011111111111100000000000000000000000000000000000000000000000000000
1111111111111111111111111111000000011111111111111111111111111111111111111111111111110000000011111111111111111111111111111000000000000000111111111111111111111111111111111111111111000000000000000000000000000000000000000111111111100000000000000000000000000000
1111111111111111111111111111100000011111111111111111111111111111111111111111111111110000000011111111111111111111111111111000000000000000111111111111111111111111111111111111111111100000000000000000000000000000000001111111111111111110000000000000000000000000
1111111111111111111111111111110000011111111111111111111111111111111111111111111111110000000011111111111111111111111111111000000000000001111111111111111111111111111111111111111111100000000000000000000000000000000111111111111111111111100000000000000000000000
1111111111111111111111111111110000001111111111111111111111111111111111111111111111100000000011111111111111111111111111111000000000000011111111111111111111111111111111111111111111110000000000000000000000000000011111111111111111111111111000000000000000000000
1111111111111111111111111111111000001111111111111111111111111111111111111111111111100000000001111111111111111111111111110000000000000011111111111111111111111111111111111111111111111000000000000000000000000001111111111111111111111111111110000000000000000000
1111111111111111111111111111111000000111111111111111111111111111111111111111111111000000000001111111111111111111111111110000000000000111111111111111111111111111111111111111111111111000000000000000000000000111111111111111111111111111111111100000000000000000
1111111111111111111111111111111100000111111111111111111111111111111111111111111111000000000001111111111111111111111111110000000000000111111111111111111111111111111111111111111111111100000000000000000000001111111111111111111111111111111111110000000000000000
1111111111111111111111111111111100000011111111111111111111111111111111111111111110000000000000111111111111111111111111100000000000000111111111111111111111111111111111111111111111111100000000000000000000011111111111111111111111111111111111111000000000000000
1111111111111111111111111111111110000011111111111111111111111111111111111111111110000000000000111111111111111111111111100000000000001111111111111111111111111111111111111111111111111100000000000000000000111111111111111111111111111111111111111100000000000000
1111111111111111111111111111111110000001111111111111111111111111111111111111111100000000000000011111111111111111111111000000000000001111111111111111111111111111111111111111111111111110000000000000000001111111111111111111111111111111111111111110000000000000
1111111111111111111111111111111110000000111111111111111111111111111111111111111000000000000000001111111111111111111110000000000000001111111111111111111111111111111111111111111111111110000000000000000011111111111111111111111111111111111111111111000000000000
1111111111111111111111111111111110000000011111111111111111111111111111111111110000000000000000000111111111111111111100000000000000011111111111111111111111111111111111111111111111111110000000000000000111111111111111111111111111111111111111111111100000000000
1111111111111111111111111111111111000000011111111111111111111111111111111111110000000000000000000011111111111111111000000000000000011111111111111111111111111111111111111111111111111111000000000000001111111111111111111111111111111111111111111111110000000000
1111111111111111111111111111111111000000000111111111111111111111111111111111000000000000000000000000111111111111100000000000000000011111111111111111111111111111111111111111111111111111000000000000001111111111111111111111111111111111111111111111111000000000
1111111111111111111111111111111111000000000011111111111111111111111111111110000000000000000000000000000111111100000000000000000000011111111111111111111111111111111111111111111111111111000000000000011111111111111111111111111111111111111111111111111000000000
1111111111111111111111111111111111000000000001111111111111111111111111111100000000000000000000000000000000000000000000000000000000011111111111111111111111111111111111111111111111111111000000000000011111111111111111111111111111111111111111111111111000000000
1111111111111111111111111111111111000000000000011111111111111111111111110000000000000000000000000000000000000000000000000000000000011111111111111111111111111111111111111111111111111111000000000000111111111111111111111111111111111111111111111111111100000000
1111111111111111111111111111111111000000000000000111111111111111111111000000000000000000111111111110000000000000000000000000000000011111111111111111111111111111111111111111111111111111000000000000111111111111111111111111111111111111111111111111111110000000
1111111111111111111111111111111111000000000000000001111111111111111100000000000000001111111111111111111000000000000000000000000000011111111111111111111111111111111111111111111111111111000000000001111111111111111111111111111111111111111111111111111110000000
1111111111111111111111111111111111000000000000000000000111111111000000000000000000111111111111111111111110000000000000000000000000011111111111111111111111111111111111111111111111111111000000000001111111111111111111111111111111111111111111111111111110000000
1111111111111111111111111111111111000000000000000000000000000000000000000000000011111111111111111111111111100000000000000000000000011111111111111111111111111111111111111111111111111111000000000011111111111111111111111111111111111111111111111111111111000000
1111111111111111111111111111111111000000000000000000000000000000000000000000001111111111111111111111111111111000000000000000000000011111111111111111111111111111111111111111111111111111000000000011111111111111111111111111111111111111111111111111111111000000
1111111111111111111111111111111111000000000000000000000000000000000000000000111111111111111111111111111111111110000000000000000000001111111111111111111111111111111111111111111111111110000000000011111111111111111111111111111111111111111111111111111111000000
1111111111111111111111111111111110000000000000000000000000000000000000000001111111111111111111111111111111111111000000000000000000001111111111111111111111111111111111111111111111111110000000000011111111111111111111111111111111111111111111111111111111100000
1111111111111111111111111111111110000000000000000000000000000000000000000011111111111111111111111111111111111111100000000000000000001111111111111111111111111111111111111111111111111110000000000111111111111111111111111111111111111111111111111111111111100000
1111111111111111111111111111111110000000000000000000000000000000000000000111111111111111111111111111111111111111110000000000000000000111111111111111111111111111111111111111111111111100000000000111111111111111111111111111111111111111111111111111111111100000
1111111111111111111111111111111110000000000000000000000000000000000000001111111111111111111111111111111111111111111000000000000000000111111111111111111111111111111111111111111111111100000000000111111111111111111111111111111111111111111111111111111111100000
1111111111111111111111111111111100000000000000000000000000000000000000011111111111111111111111111111111111111111111100000000000000000111111111111111111111111111111111111111111111111100000000000111111111111111111111111111111111111111111111111111111111100000
1111111111111111111111111111111100000000000000000000000000000000000000111111111111111111111111111111111111111111111110000000000000000011111111111111111111111111111111111111111111111000000000000111111111111111111111111111111111111111111111111111111111100000
1111111111111111111111111111111000000000000000000000000000000000000001111111111111111111111111111111111111111111111111000000000000000011111111111111111111111111111111111111111111111000000000000111111111111111111111111111111111111111111111111111111111100000
1111111111111111111111111111111000000000000000000000000000000000000001111111111111111111111111111111111111111111111111000000000000000001111111111111111111111111111111111111111111110000000000000111111111111111111111111111111111111111111111111111111111100000
1111111111111111111111111111110000000000000000000000000000000000000011111111111111111111111111111111111111111111111111100000000000000000111111111111111111111111111111111111111111100000000000000111111111111111111111111111111111111111111111111111111111100000
1111111111111111111111111111110000000000000000000000000000000000000011111111111111111111111111111111111111111111111111100000000000000000111111111111111111111111111111111111111111100000000000000111111111111111111111111111111111111111111111111111111111100000
1111111111111111111111111111100000000000000000000000000000000000000111111111111111111111111111111111111111111111111111110000000000000000011111111111111111111111111111111111111111000000000000000111111111111111111111111111111111111111111111111111111111100000
1111111111111111111111111111000000000000000000000000000000000000000111111111111111111111111111111111111111111111111111110000000000000000001111111111111111111111111111111111111110000000000000000111111111111111111111111111111111111111111111111111111111100000
1111111111111111111111111111000000000000000000000000000000000000001111111111111111111111111111111111111111111111111111111000000000000000000111111111111111111111111111111111111100000111110000000111111111111111111111111111111111111111111111111111111111100000
1111111111111111111111111110000000000000111111100000000000000000001111111111111111111111111111111111111111111111111111111000000000000000000011111111111111111111111111111111111000001111111000000011111111111111111111111111111111111111111111111111111111000000
1111111111111111111111111100000000000111111111111100000000000000011111111111111111111111111111111111111111111111111111111100000000000000000001111111111111111111111111111111110000011111111100000011111111111111111111111111111111111111111111111111111111000000
1111111111111111111111111000000000011111111111111111000000000000011111111111111111111111111111111111111111111111111111111100000000000000000000011111111111111111111111111111000000111111111110000011111111111111111111111111111111111111111111111111111111000000
1111111111111111111111110000000001111111111111111111110000000000011111111111111111111111111111111111111111111111111111111100000000000000000000001111111111111111111111111110000000111111111110000011111111111111111111111111111111111111111111111111111111000000
1111111111111111111111000000000011111111111111111111111000000000011111111111111111111111111111111111111111111111111111111100000000000000000000000011111111111111111111111000000000111111111110000001111111111111111111111111111111111111111111111111111110000000
1111111111111111111110000000000111111111111111111111111100000000111111111111111111111111111111111111111111111111111111111110000000000000000000000000011111111111111111000000000000111111111110000000111111111111111111111111111111111111111111111111111110000000
1111111111111111111000000000001111111111111111111111111110000000111111111111111111111111111111111111111111111111111111111110000000000000000000000000000011111111111000000000000000111111111110000000111111111111111111111111111111111111111111111111111100000000
1111111111111111100000000000001111111111111111111111111110000000111111111111111111111111111111111111111111111111111111111110000000000111110000000000000000000000000000000000000000011111111100000000011111111111111111111111111111111111111111111111111100000000
1111111111111110000000000000011111111111111111111111111111000000111111111111111111111111111111111111111111111111111111111110000000011111111100000000000000000000000000000000000000001111111000000000011111111111111111111111111111111111111111111111111000000000
1111111111100000000000000000011111111111111111111111111111000000111111111111111111111111111111111111111111111111111111111110000000111111111110000000000000000000000000000000000000000111110000000000011111111111111111111111111111111111111111111111111000000000
0000000000000000000000000000111111111111111111111111111111100000111111111111111111111111111111111111111111111111111111111110000001111111111111000000000000000000000000000000000000000000000000000000001111111111111111111111111111111111111111111111110000000000
0000000000000000000000000000111111111111111111111111111111100000111111111111111111111111111111111111111111111111111111111110000001111111111111000000000000000000000000000000000000000000000000000000000111111111111111111111111111111111111111111111100000000000
0000000000000000000000000000111111111111111111111111111111100000111111111111111111111111111111111111111111111111111111111110000011111111111111100000000000000000000000000000000000000000000000000000000011111111111111111111111111111111111111111111000000000000
0000000000000000000000000001111111111111111111111111111111110000111111111111111111111111111111111111111111111111111111111110000011111111111111100000000000000000000000000000000000000000000000000000000001111111111111111111111111111111111111111110000000000000
0000000000000000000000000001111111111111111111111111111111110000111111111111111111111111111111111111111111111111111111111110000011111111111111100000000000000000000000000000000000000000000000000000000000111111111111111111111111111111111111111100000000000000
0000000000000000000000000001111111111111111111111111111111110000111111111111111111111111111111111111111111111111111111111110000011111111111111100000000000000000000000000000000000000000000000000000000000011111111111111111111111111111111111111100000000000000
0000000000000000000000000001111111111111111111111111111111110000011111111111111111111111111111111111111111111111111111111100000011111111111111100000000000000000000000000000000000000000000000000000000000001111111111111111111111111111111111111000000000000000