0000000000000000000000010010000000100000000000000000000000010100001100000000000000100010100000000000000000100000100001000000001000000000000010000000010000000000100000000010000000000000000000101100000000100000100000001000001000001000001000000001100010000010
0000000011000001001000000000010110000000000100000000000000000010000010100000000000000000000001001001100001000101000100010000010000000000000000000000000000110000100011000000000000000000000010000000000000000000100100000000011010100000000000000000000000010000
1000000000000110000000000000000001000001000000000000000000000000100000100000000000000000001100000001000001000000000001001000000000000000000000000000000000010000000001000001000000000000000000100100010000000000010000000001100000010000000000000010000100001001
0000000000000010000000000001000001000001000000000010000000000000000100000010000101010000000000000000011000100110100010000100000000000000000000010000010000000000100000000100000000100000000110100100000000000000100000000001000000000000000000100000000000010000
0000000000000100000000100000000001000000000000000000000100000000000000000100010000010000000000000100100000000000001000100000000000000000000000100001000000101000000001001000000011000000000000100010000100000010000110000000000000000100000000000000000000000000
0100000000000000000000000000000100100000000010010000000001000000000000000000000000010000000000000000000000000001000000000010000000000100000000001000000100000010000000001000000100001010001000000000000001000100000000000000000000010000101000100000010000000000
0000000000010001000000000000000001000001000000000000000000000000000000000010000000001000000000000000000000000000000000110000000100000000000000000001000110000000000000000000000101000000000000000000000000100100000000000100000000000000000000000000000000000000
0000000000100000000000000001011010000001000000001100000000000000000000000010010100010001000000100000001000000110110100000010000000010000000010000000000000000010000100000000000010000000000000000000000000000000000101000000000000001000000001000000000010101000
0001000000000000000000010010000000100000000000110000001001100000010000000000000100100000110000000000000001000000000000000000000000000001000000000000000000100000000010000000000000000000110010000000000000000001000000100000000010000000000000000000000001000000
0000000000000000000000101000000000000000000000000000000000100000000100000010000001001000000000100000000000000000000010011000000000000000000010000000000000000000000100000000000000000100000001000000100000000000000000000000010000100110000000000000010000000000
0000000000000001000000000010000000000000000000000111000000000000000000000000000000000000000000000000000000010000000000000000000000000100010000000000000000000100000000000000000000000000000000001000000100000000100010000100001000000000001000000100010000000000
0000010000001000001000000000001000101000100100000100000000000000000010000000010000011000000000100100000000001100011000000000101000000000000000000000000000000000000100100000010000000000000000000000000000010000000000000000000000000001000000000000001000000000
0000000001000000000000001001000000000001000010000001000000000001000000000000110000000000001000000000000010010000000000000010100000000000000000000000000000000000000000001000111000000000000010000010000000000100000011000000000000011000000000000000000000000100
0000100000000000100000000000001001001000000000000000000000010000000000000110001000000000010110110010000000001000000000000000000000001000000000000001100000010000000000000100001000000000000000000000100000000000000000100000000000000010000000000000000001000000
0000000000100000010000100000000000010000000010110000000000000000000000010000000000100000000010000000000000000000000000000000000000001001000000010000000001000000000000000000010000001000000001000000000000010000001000000000001000000000000100000100000000000000
0000000000000000000000000000000010001000000001000010001001000000011100110000000100000000100000000000000001100100000100000000000000000000000000000000100010000000000000000000000000000011010001000001100010001000000000000000000001000000000000000000000000000000
0000000100000000000000110000000000000000000000100000000011000000100000000000000000000000000010000100001000010000000000000010000110001000000000000000000001000000000001000001100000010000000000000000001000000000010000001010000110000000001000001000001000010000
1010010000010000000000100000000000010000000000000000000000000000000000000000000000100000000000101010000010000000001100000010001001000000100000010001000000000000000000000001010001100000100000100000100000000000100000000001100001000000100000000000001000000000
0000000111001010000010000001100000000100000100010000010001000000000000000001000100000100001000001100010100000000000000000000000000000100000000010000000000000000000000000000000000000001000000001100000000000000000000000010000000000000001100000000000000000000
1000001000000001001100000000010000000000000000010000000000000000000000100000100000100000000000000000000000000000000000000000000101000000000000000000001001000000000001000000010010000000000000000001010001000000000001000000000000000000000100000000000001000000
0110100000001000000000000100100000000000000000000000000000000000000000000000000001010010010100000000000000001001001000000000000000000000100000000000000000000000000001000000001000000000000001000000000100000001000001000000000000000010010000000000000000101000
0000001000000100000000001000000000000000000000010000000110000000000000000000100000000000000000010000010000001000100000000000000000000000000000000000001001000000000000000000000000000000001000000000000101000000000000010000110000000010000000000001000000000010
0000000000111010010001000000000000000000000000000000000000000000100000000000100000001100000000000000000000000000100000000010000000000000000000000000000001000000000000000000000000000000010001000100001000000000000001000100000000000000000000000010000000000001
0000000000000000000000000000000000100000000000000000000110010010000000000000000100011000000000000000000000001000100000000000000000100010000001100001000000000000000000000001011000000000000000010000000000100001000000110000000000001100001001000000000000000000
0000000001000000000000000000000000001000000000000000000000001001000000000000000000001000000100001000000100010010000000001000000000000001000100000010001000000000000000000001001010000000100100001101010000001100000000000100000000000000000000000000010000100010
1000000010000000000000000001010010000000000000010000000000000010000000000010000000000000000001000001000000000000000000100000000000000101010100010000000011000000000000100110001000000100000000000000000000000010010000000000000000000000000001000000000010001000
0000000100001000001000000101000000100000001000000001000000000100001000000000000000000000000000100000000000000000000000000010000000000001000000000000010000000000000100000000000000111001000100000000000010000000000000000000000010000000000000000000000010100000
0000000000001000000000000000000000000000000000001010000010000000000000100001001100001000000000000000000000000001000000000000100000000000001010100000000000100000000011000100000000000000000000000001000000000000000000000000100000000100001000000000000000100000
0000000110000000100000000000000000000010000000010000000000000000000000000001000010000000001000000000000000000001000000000000000000000000000000010000110100000000010100000100000000000000000000000000000000000000000000000000000010000001000000000010000010000000
0100000000000000000000100000100011000000001000000100000000000100001000000000000000000000100100000000000000000000000010000000000000000000000000000000000000000100101000000000000000000000001000001100000000001000001100001010110010000000010000000000000000000000
0000000000000110000000101000010010000000000000100001000000000000000000000000110000100000001000000000000000000000010000000000000000010100000001000000000000011000000000010000000101000000000000000000000001000010000000011000000001000000000000100000000001000000
0100000000001000000000000010000000000000000010000000000000000000000000000000000000001000010100110000000000000000000000000000000000010000000000100000000010000000000000100000000001000000100010000000000010000000000000000000000000000001000000100000010000100000
0000000000000000000000000000000000000000000000001000000000000000000100000000001000000000000010000000000000000011001000011100000000000000000100000000000000000001000010000000000100000010000000000001100000000000001101100001000000000000100000000001000000000000
0010100000000001000010000000000100000011000010001000000001100000000001000000000010000000010000000000100000000000000000000000000001001000011000000010000000000000000000000000010000000010000000000000100000000100000100001000000000000000000000000001000000000010
0000001000000000000001000000000000010000010100000000000000100000000010000000000000000000000000100000000000001100000000000000000000000100000100001000010000100000000000001000000000000010010000001000000000000000000000000100000000000001000000000001000000000001
0000000000000110000001000000000100100000000010100010000010000000000000000000000000000000000000100000000000000000010100000011100000001100000000000000000000000000000000000100000000011100000000010000001000101000000000010000000001000000000001000001001000000000
0011000001000000000010100000000000000000000000000010000000010000100000100000000000010010001000001001010010000001000000000101000000000000000000000000000000001000000000000000000100000000000100000000000000000000000000100110001000000000000000000000001000011000
0000000000000000000010000101000001000000000000000011010000010000010000000000000000000000000010010000000000000000000001000000010000001010000000000000000100000000000000000001000100100000000001000010001000000000000000001000000000000100000000001000000010000000
0000000000011000001000000000000001010000000000010000000000000000000000100000000000000001000000000000000000010010000000000000000000000000000000001011000000100100000000000000110000001000000000110000000000000001000100000001001001011000000000001010000010100000
0001000000000000010000000000000100000000010000000101000000000000000000001100000000000000100000000000000000000000000000000000000000100000000000000000000000000000001000000100000000000000010000000000000000000000000000100010000000000000000000000000000000000000
0000000000000010001000100010000010000000000000000000101000000001001000000010000000000010000000000000100000010000001100000011010010000000000100010000001000000000000000000000000000000000000000000011010001000000100000000100000000000100000000000110000000000000
0000000000000010000000000000001000000000100000000000001001000010000000100000000000010000100000010001000001000000000000001100100001100000100000000000000000000000000000010000000000000000000000100000000000100000001000000000000001000000000100000000010000000000
0000000100000000000000000000000000000000000000100000001000001000000000000001100000000000000000000000000000001001000000000000000000000100010101000000000000000001000000000000000000000010000001000100000000010000000000000000100000000000000000000000100000010001
1010000010000000001000000000000000000000000000010000000000000000000000001000010010000100011010000110001000001000000000000000000000010000000000000100000000000000110100000000000100000001000000000001000000100000000000000000000000000000000000000100001000001100
0010100000000100000000000101000100000000001100011000000000000000000000000000010010001000000000000001010001110001000001000000001001000000000000000000100000000000000000100000001000000000000000000001000000100000000000000000000010010000001100000010000000000000
1000000101001001110000000000000001000000000000000000000000000000000000100100000000000100000000000000000000000000000000000000000000000000000000100000000000000000010000000000100000000000010000000100000000000010000000000100000000000000000000000000000001000000
0001100011000000100000000001000100010000001000000000000000000100010100000000000000000000000100000000011000000000000000000000000000100000000000100000000000000000000100100101000000101000000100000000000110000000000000000001000000000000000001000010000000000000
0000000000010001100001000000000000010000000000000000000000000101000001100000000000001000000000000010010000000000000000001000001000000000000000000000011000001000001000001010001000000011000000100010000000000000000010000000000000000100000000000000000000000100
0010000010000000100000000010000100000000000000000000000000000000101000000010000000000100000000000001010000000000100000000001000001000000000000000000000000000000000000000000010000000000000000000000010000000000000000000010000000000100000100000000000000000000
0000000010000000000000000000000001000000001000000000000000000000011000000000000000000010000001000000000000000100001001000000000000000001000000000000000000000000000000000000010000000010000000000000000000000000000000000000000010000000000100000000000010000001
0000001001000000000000000000000001000100011000000000001001000000100001000001100000000100000000100010000000000000000001000100000100001000000010000000000000000100000000010010000000000000000000000000100000000000000000000000000000000010000000000000000000000000
0001000000000000000000010000000100100000000000000000000000001100000000100001000100000000000000000000000000000100000000000000000001110000000010000000000100000000001000000000000000000000000000000000000000000000000000000000000000000000000000000000100000000000
0000000000000000000000000001000000110000000001000100010110000000100010000000001000000000000010010000100000000000010000000000100000000000010000001000001000000010001000000000001000100000000001001000000000001000000000100000000000000001001000000010000000000000
0000000000000000010010000000000000000000000000010000100000000100000000100000010000110101000000000000010000000000001000100000000000000100000010000000000010000000010100001000000010101000010000000011000000000000000100000100000100010010000000100000000000000000
0000000000000000010010001000000000000000000010000100000000000000010000000001000000000000000000100000000010000000001011101000000001000000000000000000000000100001010000000000000000000000000000100000001010001100000100000000000000000100000000100000001000000000
0000010000000010000000000001000000010010100000000000000010100000000000100000100000000100000000000000000000001000000000001000011000110011010001000010000000000000001100000010000000000000100000001000000000000000000000000000000000000000000000001000000001000000
0000010110001001000100001000000000000000000100010010000000000000100000010000000000000010011000000001100010001000000000010000000100000000001000000000000000100100001010010000000000000010000100001000000100001000100010100000000100000000000000001010000010000000
0000010000000000000110001010000000000000000000000000000001000000000000000010000000000000000000000001100100000000000010000100000000000100000110000001000000000000000000000000010000000000000010000000000000100010000010000000000000000000000000000000000000000000
0100000000000000010000100101100000000000000000000000000000000001000000000010000000000000000000010000001000010000000000000000001010000001000000000000010000000010010000001000000000010000000001000000001000001000000000000001000000000000001000000001000000000000
1000100001000000000000000000000100000000100000000000000000010000000000000010000000000000000000001000010000011101000000000000000100000100000000000000000000000000000001100010000001000000000000000000000001000000000100000000001010000000000000000000000000000000
0000010000000000000000000000000000000000000001001000000000100000000000000000000001000000000000000000000000100001000000010000000010000000000000010000100000010000000000000011000000000000100000000000000010000000000000000000000000000000000000001000010001000000
0010100000010000000000000001000000100000001000000000000000000010001001000000000000000000100000000000010000000000100000000000000010000000000000000000011000010000000000001000010000010100000000000001010000000000100000001000010000000000000000100000000000000000
0110000000000000000000100000000000000000000000000000000000001000000000000000000101100000100010000000000000000000000010000010010000000000100000000000000000001000000010000000000100000000000000000000000000100000000000001000000000100000000010010000010000000000
0000000100000000000000000000000000000011000000000100000000000000001010100000000000000100001001001000000000000000001000000001100000010000000000000000000000000000001000010100000000000000010100000000000000000000000001001000100000000000000000000000000000000000
0000000000000000001000001000010000000101000000000000000000000000100000000000010100000000100000000000000000010000010000010000000000000010100000010000010000010000001000001110000000010000000010000000000000001000011000000000110000000000001000000000000000000100
0000010000000010000000000001000000000000000100000000010000000000000001000000000000000000000000100000100010010000100100000100011000000010000000000010000100001000000000000001000100000000000000000000000100100000000000000000000000000000010000101000100001000000
0001000000100100000001000001000000000000000000010100000000000000000000100010000001010001000000000000000000000100000000000000100000000010000100000000101000000000010001000000001001000100100000010000000000000000100000000000100000000000010100010000000010000000
0100000000100000000000100000000001010000000000000000000000000000000000000000100000000000000011000000001100000001000001000000000000001000100000000000000000000000000000000000100000000110000000000000000000100010000010000000000000000000000000010010000000010000
0000100000000001000000000000000000010000000100000000000010010010000010000000000000000000000000000000001000000000000100000000000000110000010000000000000000000000000000100010000100100010001000000000000010001000000000000000000000000100010000000001000000001000
0000000000000001000010000000100010000011000100000000000100001000000000011100100000000000000000000110000000000010000000000010000000000100000000000100000010000000100000100100000010000000000010000100000000000000000000000100000000000000000011010000000000000000
0000000000001100000001000100010000000000000010000000000010000000000000000000000000000000000010000000000000000000000000110100000001010000000000000000000101001000000010000010001000001000000000001010000001010000000001000001100100000000000100000000000000001010
0000000000000001000001010000000000010000000000000000000010000000000000000000000000010100000000000000000000010100001000000000100100000000000000000100000000000000000000000000000000000000000000000001000000001000000000000010000000000001000000000000001000000000
0000000001000000000000000000000000000000000000100000000010100000000000000000000000001000001000100000100000000001000000000000000000001000000000100010001000000000000000000000000000000000000101000000000000000000010010011001000010100100000000100000000000000001
0001000001010000000000000110000000001000000000000010000000000000000000000000000000000000000000000000000010000000000100000000101000100000000000000000001000000000000001000000010001010100000000000000001010000000000100000000000000000100001000000000010010000000
0000000000001000000000101100101000000000000000000100000000000000000000100000000000001000001000000000000000000100010000000000000000100000001100000000000000001000000000000000000001010000000000001001000000100001000000001000000000000000100000000000000000000000
0000010000000100000000000000001000000000010000000100000000001000000000000000001000000000000000000000000001000100000100001000000000001000010000001001000000000000000000000000010000000000000000000000000100000010000000000000000100000000000000000000000000000000
0000000001100000000000000000000001000100000000000000000000000000000000000000001010000000000001010001001000000001000000000000000000100000000000000000000011000000000000111000000000100000000000100100000001000001000000000000000000010110000000000000000000100000
1000010000000000001000000000001000000000010000000000000000000000001000000000001000000000000100100000100000010000000000000000100010000000000000000110000000000000000000000000000000000000000100000000000000000000000000000011000000000000100000000000000000000000
0111010000000000010000000000000000011000000011000010010000000100010000000000010000000000110000000100000001000100000000000000000000001000000000000000000000000000000000100000000000100000100000001000000000000000000000000000000000100000000000000000000011000000
0000100001000000000001000000000000001000000000000000010010001000000000000000000000000000110000001000000000000000000000000010000000000000000000000010000000000000010000000000000100000000000001000000000000000100000000000000000110000000000000000001010100010010
0000000000000100000000000000000000000001000001001000000000011000000000000000000100000000000100000000000000000000000000000000000000000100000010000000000000000000000000000000000000000000000100000000000100000000100000000000000000000000100000000000001001000100
0001000000100101000000000000000000000000000000000000000010010010000001000000000000000101000000001000000000010000000000000000000000000000000000000000000010000000000000100000000001001000100000000000000010000010000010000000000010000000010000000000101100000000
0000000100000001100000000000000001000001000000000011000000000000000100000000000100000010000010010000000000100001000000000000000010000000100010000000000010000001000000000101010010011010000000001010000010001000000000000000010001100000000000000000010000000000
0001000001000000110010000000000001000000000000000000000000000000000100100000000000000000000101000000100000000000000000001000000011000000000000000000010000000000000001011000000010000000000000010000000000000000001000000000001000010000000000000000000000000010
1001000000110000001000000001000101000000000000000000000000000000000000000000001100110000000100000000000010000000000010110000000000100000000010000000001000000000000000101000000010100000100000000000000000000000000100100000000010001000000000011000100010000100
0000000000000000000000000000000100010000100010010000010000100100100000000000011000000000000000010000001000000000001000010000000000010000000000000000000000000000000000000000000000000000010000010000000001000000000010000100001000001000000001101000000000000000
0100000000000000010001000000000000100000000000000000100000000000110000001000000000100000000000000000101000000100000000000000100100000101000010000000000000100000000000100010000000000000000001000000000100000000001011000000000000000000000100000000100000010000
0000000000000000000000000010000000000000000000100000000000001000000100000000000000000000000000000001001010000010000000011000000000000000000000011010000000000000000001000000000000000000000010000000100000001000010000000000000000000000100010000000000100000000
0010000000000000000000001001000000000001000000000001100000000010000100001100000000000000001000000001000000000000000001000000110000111000000000010100000000000000000010000101000000000000010010010000110000000000000010000000100000000000000000000100000000000000
0010100000000000011010000000000000000100000000000100000000101000000010000100110100000000000100000001000000000000000010000000000000100000000000000000101000000000010011000000010100000010100001000000000000000000000000100000000000000000000000000000000010000000
0010000000000001000100100000000000000100000000001010000000000010000101000000000000101010000000000000000000000000000000000000000000000000000000000100000000000000001000001000000000000000001000000000100000000000000100000010000000000000000000000100000000110000
0000000001010000000000000000000000000000000010000000000000000000100000010000001000010010010000000000100000000000000000000011000010000000000000010010000000001110000010000000000000000010000100000001000100000101100000000000000000000000000000000100000000000001
0000000000000101100000000000000000000000000000011001010000100000000000000010000000011100000100001001000100100000100000000000000000000100000000001000100000000000000000000100100011000001010000000101000000000000010100010000000000000000000000000000000000000000
0000010000001010000001000000000000000010000000000000000000000000000000000000000000000000000001000000000001000000010000000010001000000000100000000000010000000010000000000000100001000000000001010000000000000000001000101000001001000000000000000000000000000100
1000010010000000001000000010000000000000001100000000000000000000010100000000000100000000000000100000100000100000000010000000010000000000000000000000000000000000110000000000010000000010100000000000000000010000000000000000000000000000001000000000110000000000
1100000001000000000000000011000000000000000100011000010110000100000001000000100001000011100010010000000000000010000000000000011000000000000010000000000010000000000010100000000100000000000000000000000000100010100100000000000000100000000010000110000000100001
0001000000000000000000001000000000000000000010000100010000000000000000000010000000000000010000000000000000000000000000000000000000000000010010000000000000000000000000000100000000000000000000000000000000000000000000000000000000000000000100000000000000000001
0000000100000000100000000000100000010000000000000010000000000000000000011000100000000000000000010000011010000000000000000100000000000000010000010000100000010000000000100000000010000000100000000000000000000000000000101001000000000000000000000011001000000000
0000001000010001100000000001000000000100000000000000000000000100000000100000010000000000000000000000000001000000000000000000000000000100000000001000000000000000001000000000000100000000000100000001000010000001100000000000000100000010000000000000001001001000
0001101000000000000000001000000000000000000010000000011000000000000000000000000000001000000000000000010000000000000000000000000000100000000000010000000000000000000000000100000000000000000000000100000000000000000000000000000100000000000000110000000000100000
0000000000000000000000000000000000000000000000000000000000000000000000000000000000001100000100000000000000000000000000000110000000000000000000100100000000000000000000000000000000000000000000000000000000000000000000000000011000000000001000000000000000000000
1010010000000000000000000000000000010001001000000000000000000000000100000000000010000010000001000000000000000001001100000100000000000000000000000000000000000100000000000000000010000100100000000000000010000000000011000000000101000000001000000000000100000000
0000010000000000000000110000000000000000000010000000000000000011010000001000000000000000000000000000000000011000100000000000000000000000100000100000000000000000000000000001000000000000000000000000000000000000000000000000000001000001000101000000000000000100
0000000000000000000000000000000000011010010000000000001000000000000000001000000000000000000000000000000000000000000010100001100000010100000000001110010000000100000100000001000000000000000000100000000000000000000000100000000000001000000000000000000000000000
1000000000001010000000000000000000010000000000000000001000010000000000001000000010000010000000000000000000000100010000000000000000000000000000001000000100000000000000000100100000010000000000000000100000000000000000100000000000100000000100000000000000000000
0000010001100000000000000000000001101110000000000000000000000000000000000000000000010000000000000000000000000000001000000000000000000000000001010000000010100000000000000000000000000000001000000100000000000000000000000000000000000000000000000000100000001000
0000000110000000000000000001000000000000000000000000000000000010000010000000000000000000000000000000000000000000010100000000000000000100000100000000010000000000000000000000000000001100000000000000000000000000000000000000000000000110000000000000000100000000
0000000001001000001010000001000000011000000000000000010000000000000000000000000000000000100000000000000001100000000100000000000000000000000000000000100000000000100000000001000000100000000000000000000000000000000000001000000001000000000000000000001000000000
0000000000000010000000001100000010000000010010000000000000000000000000000000000000000000000000000000000000000000000000000000000000000000000000000000000000000000000100000000100000000000010000100000000000000000100000000000000000000000000100000000000000100000
0000001000000000000000001100000000000000000000000010000000000000000000000000000100000000001000000010000000100000010000000000000000000000000000100000000000000000000000000010000000000000000000000000000000100000010000000000000000000000000000100000000000000001
0000000010000000000000000000001000000110000000000000000000000000000000000100000000000000000100000000000000000100010000100000000100000000000000000100000000000000000000000000000000000000000000010000000100000000110000000000000000000000100000000001000100000000
0000000000000000000000000000000000000000000000000000000000000000000000000000000000000011000000000000000000000000000000000000000000000000100000000000000010000000100000000000000000000000000000000000000000000000000000000000000000000000000000000000000000000010
0000000000000000000000000000000000000000000000000000000000000000000000000000000000001010000000000000000000000000000000000000000000000000000000000000001000000000000000000000000000000100000000000000000000000000000000000000100000100000000000000000000000000010
1000000010010000001000000000000000000000000000000000000000010000000000000010000000000010000000000000000000001000100000000000100000000000100100000000000000100000000000000000000000000000000000000000000000000000000111000010000000100000000000101000000000000000
0000000001100000000000000000000000000000000000000000000000000000000000000000000000000000000000000000000000000000000000000000000000000000000000000000000000000000000000000000000000000000110000000000000100000100000000000100000000000000000000000000000000000000
0000000001000000000000000010000000000000000000000000000000010000000000000000000010000000000000000000000000000000001100000000000000000000010000000000000000000000000000000000000000000000000000000000000000000000000000000000000000000000000000000000000000000000
0000000000000000000000000000000000000000000001000000000001010000010000000000010000010000000001110100010111000000000110000000000000000010011000000000000000000100000000000000000100000000000000100000000100000000000000000000000000000100000000100000000000000000
0000000000000000000000000000000000000000000001000000000000000000000000000000000000000010000000000000000000000000000000000000000000000001000000000000000000000000000000000000000000000000000000000000000000000000000000000000000000000000000000000000000000000001
0000000000000001110000000000000000000000000000000000000000000000000000000000000000000010000000000000000000000000000000000000000000000000000000000000000000000000000000000000000100000000000000000000000001000010000000000000000000000000000000000000000000000000
0000000000001001000000000000000000000000000000000000000000000000000000000000000000000000000000000000000010000000000000000000000000000000000000000000000000000000000000000000000000000000000000000000000000011000000000000000000000000000000000000000000000000000
0000000000000000000000000000001000000100000000000000000000000000000000000000000000000000000000010000000000000000000000000000000000000000000000000000000000000000000000000000000000000000000000000000000000000000000000000010000000100000100001000000000000000000
0000000000000000000000110000000000000000000000000000000000000000010000000000000000000000000000000000000000000000000000000000000000000000000000000000000000000000000000000000000000000000000000000000000000000000000000000000000000100000000000000010000000000000
0000000000000000000001110000000000000000000000000000000101000000000001000000000000000000000000000000000000000000000000000000000000000000000000000000000000000000000000000000000000000000000000000000000000000000000000000000000000000000000000000000000000000000
0001000000000000000000000000000000000000000000000000000000000000000000000000000000000000000000001000000000000000000000000000000000000000000000000001000000000000000000000000000000000000000000000000000000000100000000000000000000000000000000001000000000000000
0000000000000000000000000000000010000000000000000000000000000000000000000000000000000000000000000000000000000000000000000000000000000000000000000000000000000000000000000000000000000000000000000000000000000000000000000000000000000000001000000000000000000000
0000000000000000000000000000000000000000000000000000000000000000000000000000000000000000000000000000000000000000000000000000000000000000000000000000000000100000000000000000000000000000000000000000000000000100000000000000000000000000000000000000000000000000
0000000000000000000000000000000000000000000000000000000000000000000000000000000000000000000000000000000000000000000000000000000000000000000000000000000000000000000000000000000000000000000000100000000000000000000000000000000000000000000000000000000000000000
0010000000000000000000000000000000000000000000000000000000000000000000000000000000000000000000000000000000000000000100000000000000000000000000000000000000000000000000000000000000000000000000000000001000000000000000000000000000000000000000000000000001001001
0000000000000000000000000000000000000000000000000000000000000000000000000000000000000000000000000000000000000000000100000000000000000000000000000000000000000000000000000000000000000000000000000000000000000000000000000000000000000000000000000000000000001000
0000000000000000000000000000000000000000000000000000000000000000000000000000000000000000000000000011000000100000000000000000000000000000000010000000000000000000000000000000000000000000000000000000000000000000000000000000000000000000000000000000000000000000
0000000000000000000000000000000000000000000000000000000000000000000010000000000000000000000000000000000000000000000000000000000000000000000000000000000000000000000000000000000000000000000000000000000000000000000000000000000000000000001000000000000000000000
0000000000000000000000000000000000000000000000000000000000000000000000000000000000000000000000000000000000000000000000000010000000010000000000000100000000000000000000000000000000000000000000000000000000000000100000000000000000000000000000000000000000000000
0000000000000000000000000000000100000000010000000010000000000000000001100001000010000000000000000011000000000010100000010000011000000000000000000000000000000000000000000000000011000000000000000000000000000000000000000000000000010000000000000000000000000000
0000000000000000000010000000000000000000010000000010000000000000000000000000000000000000000000000000000000000001000000000000000000000000000000000000000000000000000010001000000000000000000000000000100000100000000000000100000000001000000000000000000000000001
0000000000000000010000000000000000000000000000000000000000001100000000000000000000000000000000000000000000000001000000000000000000000000000000000110000000000000000000000000000000000001000000000000100000000000000000000000000110000000000000000000000000000000
0000011000000000000000001100000000000000000000000000000010000000010000000000000000000000000000000000000000000000000000000000000000000000000000000000000000000000000000000000000001000000000001000000000000100000000000000000000010000000000000000000000000000000
0000000000000000000000000000010000000000000000010000000000000000000000000000000000000000000000000000000000000000000000011000000000000000000000000000000000000000000000000000000001000000000000000100000000000000000000000000110000000000000000000000000000000000
0000000000000000000000000000000000000000000000000000000000000000000000000000000000000000000000000000000000000000000000000000000000000000000000000000000000000000000000000000000000000000100000000000000000000000000000000000000000000000000000100000000000000000
0010000000000000001000000000000000000000000000010000000000000000010001000000010100010000000000000000000000000000010000000000010000000000000000000000000000000000100000000000000000000000000000000000010000000000000000000000000000001000000000000100100100000001
0000000000000000000000000010000000000000000001000000000000000000000000000000010000000000000000000000000000000000000000000000001100000000000000000000000000000000000000000000000000000000100000001000100000000000000000000011000000000000000000000000000000000000
0000000000000000000000000000000000000000000000000000000000000000000010000000000000000000000100000000000000000000000000000000000000000000000000000000000000000000000000000000000000000010000000000000000000000000000000100011000000000000000000000000000000000000
1000000000000010000000000000010000000000000000000000100000010000000010000000000000001000010010000000000000000000000000000000010000000000000000000000100100000000000000000100000000000010000000000000000000000000000000001010010000000000000000100000000000000101
0000000001000000000000000000000000000000000000000000000000000000000000000100001100100000001100000000000000000000000000000000000000001000000000000000000000000000000000000000000000000001000000000000000000000000000000000000100000000000100000000000000000000110
0000000000000000000000000000000000000000000000000000000000000000000000000000000000000000000000000000000000000000000000000000000000000000000000000000000000000000000000000000000000000000000000000000000001000000000000000000000000100000000000000000000000000000
1000000010000000010001000000000000000100000010000000000000000001000000000000000000000000000000000000000000000100000000000000000000100000000010100000000000000000000000000000000000000000000000000000000001000110000000100000000100000000000001000000000000000000
0000000000000000000000000000000000000000000000000000000000000000000000000000000000000100000000000000000010000000000000000110000010000000001000100000000000000000000000000100000000000101100100000000000000000010000000000000000000000000000000000000000000000000
0000000000000000000000000001000000000000000000000000000000000000000001010010000001000000000000010000000000000011100000000000000100000000100000010000000000000000000000000000000010000000000000000000000100000010000000001000000000000000000000000100000000000000
0000000000000000100000000000000000000000000000010000000000000000000000000100000000000000000000000000000000000000010000000000000000000000000100000000100100000100110000100001100000000000000100100000000000000100000000001000000001000000000000000000000000000000
0010000000000000000000000000000000000000000010000000000000000000000000001000000000000000000000000000000000000000100000000000000000000000010000000000010000000100000100000000000000000000110000000001000000000000000000001000100000000000000001000000000000000000
0000000000000000000000000010000000000000000000000000000000000001000000000100000000010000000000000000000000000000000000000000100000100000000000010000000000000000000000100000000001000100010000000000000000000000100111001000000000001100000000000000000100000000
0000000010000000000000000000000000000000000000000000000000100001000000000000000000000000000000000000010000000001110100000000000000000000000000001000000000000000000000000010000001000000010000000000100100000001000000001000000000000000000001100100000000000000
0000000000000000000110001010000000000000000000000000000000000000010000000000000000000000000000000000000000000001000000000000000000000000000000000000000111000000000000000000000000000000000000000000000000000000000000000000100000000000000000000000000100000000
0000010000000000000100000000000000000010010000000000000011000000000010000000000000000011000000000000000000000000000100010000000100000011010000000000000010000010100000000000000000000000000000000000000000000100000010000000000000000000010000000001000010000000
0000000000000000000000001000000000000000000000001000000100000100000000010000000000000000000000000000000000100000000000001000010000000001000000000011000011000000000000000000000000001000000000000001000100000000000000000100001000000001000100100100000000001000
0000000000000000000000000001000000000000000000001000000010000000000010100000000010000010000000000000000000000000000000000000000100110000000000000000000000000000000000000000000000000000000000000000000000000000000000001010100000000000000000000000001000000000
0001000001101100000000001001000000000000000000000100000010010010000000000000000000000000000000000000000000000000000000000000000000000000000100010010000000010000000000000010000000000000000011000000000000100000000000010110100000000000000000000000001000110101
0000100100000000000000000001000001001010001000000000110000000000010000000000000010000000000000100000000001000010000001010110010000000000000000000000000000000000000100000000010000001010000000001000000000000000000000010000000000000000100010000100000000010000
0010010000000000000001000000000000010000000000001000000000000010000000000000000000000010000001000000000000000000000101100000000100000000000000000010000000000000000000000000101000000010100000100100000000000001000000001000100000000000000000100000001000000000
0000000010000000010000000000000110000010000000000010010000000000000000000010000000001000000100000000010000000000001000000001100000000000100000000000000000000000010000100000100010000000000000000000000000000000101000000000001000000000000000001000010000110000
0101000000000000100000000000000000000100000000010000000100100010000000010000000000000000000000000000000000000000000000000100000000001000010000000010000000001000000000000001000000100000000010000000000000100000000000000000000001000000011000000000000000000000
1000000010000000001000000000000001000000000001000000000000011100100000000000000000000000000000000000000110000000000000000010000000000000010000000010000000010000000000000000100000000000000000000000000000000100000000000001000000000000000000000101000001000100
0100000000000110000000000000001000000000000000100000000000100001000000000000010000000000000000000000100000000000000000000010010000000000001000000000000000000010000000000100000000000010010000000000001000000000000000000000000000000000000000000000000000000010
0010000010000000000000000010100000000000100010100000010100000000001000000000000000000000000000100001001001000000000001000000000000000000000000000000001000000000000000010100001011000000000000000000000000000000010000001100000000000000000010010000000011000010
0000000000000000000010000000100000000000001001100000010001000000000000000101000100000011000000000000100001000100000000000001100000000100000000000000000000000100100000000000000010000000100000010000010000000000000000000000000101000000000011010000000000110001
0000000000000001000010000000000010010000000000000100010000000000000000000001010000000000001000000000001000000000011000000000000000000100000100000101000000000000000000000000000000000000000011000000000000010000000000010000000000001001000000000000000000010000
0100000010011000000000001000000000000000000000010001010000010000000000001000100100000000100000100000001000000000000000000001001000000000010000000000000000000000000000000000000010000000000000000000010000000010000000101000000000000000000001000000010000000000
0010000000000000000010000000000000000000000000000000001000000000000001000100000000000000000001000000000000000000000000000000010000000000001010000010000000100000000000000000000000000100010000110000000000000100000010000000000000000100000010001000001000000000
0000000000001000000000000000000000000000001000001000000000001001000000000000100001100000000000000010010000000000010000000000000000001000000001000000000001010010000000000011000001000000000001000000000000010000000000010000011000000000000000000001000000000000
1000000000000000000000000001000000000000000000001000000000000000000000000000100010000000000000000000000010000001000000100000000000010000000000010000000010000010001010000010000000000000000000000000000100000000000000000000001000000000000000010001000000000000
0000100000000001000010000000000000000000000000000000010000001000000000000000000000000000000000000000110010000010000100000100000000000000000000000000000000000000000000000000000000000010000000001000010010000000001000110000000000000000001000000000000000001000
0100000001000000010000000000000000000000000010000000100000000000001000000000001000010001000000000000100000000000000000000010000000000000000001100010000010000000001000000000000000000001000000000001100000000000000000000000000000000001000000000000000010000000
0000100000000100000000000010000000000000000001000000000000000000000000010000011000000000000000000000000000000000000000000000000000000000000000000010000000001000010010000000000000001000000000000000000000000000000000000000000010011100000000000000000000000000
0000000000000000000000000000100100000000000000000000000000000000000000000000000001000000010000000000000000000000000001000000000000000000000000011000000000000001100000000000000000000010001000100100010000000000001000000000000000000000100000000010000000010000
0000010000010000110000000000000000000001100000100000110100000000000000000000010000000000000000100000000001100000000001000000010000000100000100000010000000000000000010010001000000100000000100000010001000000001010000000000000000000000010000100000000000010011
0000010010000000001000100000010000010000001000100000000000000000000000000100000100000000100000000000010000000000000000000100000000001000110000000000100000000000000000010010000110100101000000000000010000000001000000000000010000000000100000000000000000000000
0001100000000000000100000100000100000000000000000100000001000000000000000000000000000100000000000000000001000000000000000100000000000000100010000000100000000000010000000000000000000000010000000000000000100000000000000100000010000000000100000000000010000001
0100000000010010000000000000000000011000000000000000000000000100000000110000000100000000000000000000010000000000000000000000000000000001000000000000100000000000011000000000000000000100010110100000000000010000000000000000000000000000010000000000000000000000
0000000000000001000000000000000000001000000000000001000000000001000100000010000000000000000000001000010011000100000000000000001001000000000100010000000000000000100010000000000000000000010000100000000000000010000001001000000000000010011000000010000000110000
0000010000001000000000100000000000000000000000010000000010000001000001000000000000011010000000000000000000000000000000001000000000000000000000000001000000000001000000000001000000001000000000000000000100000001000000000000000000000000000000000000011000000000
0000000000001000000000000000000000000000000000000000010000000000000000000000000000000000000000100000000000000000000000000000000001000000000000000001000100001110000010000000000000000000100100010100000000000000000000010000000000000000000000000001001000000000
0000000000000010011000000110000100010000000001000010000000000000000000001100000000000000000000000000000010010000000000000000000100000000000000100100000000000100000000000000001000000000001000001000001000010000000000000000011001000000000000000000101000000000
0010000000000001000000000001000000000000100000000010000010001000010010000000000110010000001000000000000010000100000000000100100000010000010000000000000010001000000000000000000000000000000001000000000000000000000000000000100000010100100000100001000100000000
0010000010000000010000001001000000000000000000000100000000000011000000000001000000100000100000000100000000000000000000000000000000000000100100000000000000000000000000010001000000010000000000000000000000000100100000000000000000001000001000001000001000000000
1000000000000010000000000000000000000000000000000000000010000000001000000000100000000000011000000001000010000000000000100000100000111000100000001000000001100000000000010000010000010001000000100000000000010000000010000000000000010010000000000000000000001100
0010000000000000001000010000000000010000000001001000000000000000000000001000000000000000010100100000000001100000100000000010001000000100000000000100000000001000000001000000000000100100100000000000000000000010000000000000000000000000000000000000000100000000
0000100000001000000000010000000000100010001000000000110100000000000000000000000000000100000000000000000000000000100010000000100000100000000000000000000000000000011100100010101000001000000000000100000000000000000000000010000000001000000000010000000010000000
0001001000000000000000000000010000010000000010000100000000000000000000000000000000000000000000000000000000000000001010000000001000000010000000000000000000001000000010100001000010000000000000000000010001000000100000000000100000000000000000000000000000000000
0000000000000000000000000000100000000000000010000000000000000000000000000100000000000000000000100100000000000000000000000010000000000000000000000000011000000000000000000001000001000011000000011000000000000000100000000000100000000000001100100010100000000010
0100100001010001000000000001000000000100000000000000000100000000000100000001000010000000000000000000000000000100000000000000000010010000000000000100001000010001000000000000001100101000000000000010000000000000100000000000010100000000000001010000000000000000
0000000000000000000000000000000000000000010000000000000100010000000000000100000001000010001100000000000000000000000000000010000001000001000010000000000000000000000000000000001000000000000000000000000001000000100000100001000000100000001000000100000000001000
0101000010000000100000010000000000101000000000000000000000000000100100000010100000000000010000000010100000000000000000001000000001000000100000000000001000000000000001000010000100000000000000000000000010001000000000000010000000000000000000000000100000000010
0000001010000000000000000100000000011000001000100001000001000000000000010000000000100000100000000010000000000001000000000100000000000000000000000000000000110000000000000100010000101000000000000000000000000000000000101000000010000000000000110000000000010100
0000000001000000000100000000000000000000000000100000000010000000100010000000000000000000001000000000000100000000001010000000000110000001000000000000100000010100000000000000000000000000001000000000000010000000000000000000000001000000000000001001001000000000
0000000000000000000001000000010100000000000000010000100000000000001000000000000000000010000010100010000000100100001000000000000000000000000000000000000100000010000000001000010000000000000101000000000000000010000001000110000000000000001000000000000000000000
0000000000000000000000100000000001001000000100000000000000000000001000011000000000000000000000100010001000000000100000010000000000010000010000000000000000000000000000000000100001000000000010000000000000001000000000000010000000000000000000000000000001000100
1001110000000000010001000000000000000001010010000000000010000001000000100010000000000000000000000000000001000010000000010000000000010100000010001000000000000001000000000000001000000000001000000000000000000000000000000001000100001000110010000000000000000000
0000000000000000000000000000000000000001000000000011000000010000101000000000000100000000000000100000000000000000000001000000001000010000000010000000001000000000000010000100000000000000000000000001000000000000000000000000000000101100000010000000000000000000
0010000000000000000000000000110000000010000000000000000000000000000000000000010001000100010001000010010000000000000000000001100010000001000010100000000100000001001000000000000000000000001000000100001001000000101010010000000000101000000000000000001000000000
0000000000000000000000000000000000000000000000001000000000000000000000100000000000001000000000000000000000000011000000000000000000000110000000000000010000001000000000000000000011000000100000000100000000000001000000000000000000010000000010000000000001000000
0000000000000100000000010000100100000000001000000010000110000000000000000000000000000000000000000000010000100010000000001010000000100000000000000000000000000000000000000010000000000000000000000000000000001010000000000000000000101000000000000000000001000000
0000000000100000000001010010000000000000000001000000100000000000000000001001001000000010000110000000010000010000000000101000000000000000000000000010001000000000000000000011011000001000000000000001000000000000000100000001000010000100000001000000000000100000
1000101000000000000100000000000000000101010000000000000000011000000100000001000000000000000000000010001000100000100000000000000000000000010010000000000000000000111010001000010000000010001000000000011000000000100101001000010000000001000100000000000000000000
0000000001100000000000100000000100000000100000000000000000000000000000000000000000000000000000000100110100000001000000000000000000000000000000001000000011000000000000000000010100100000001000100100000000100000000000000000000000000010000000000000000000000000
0100000000100000000000100000000000011000000000000000000001000000000000000100001010000000000000000000000100000000000000000001000010000000010000000000000000000001000100000000000000000010000000000000010000000000000000000100000010000000000010000000000000000000
0001000100000000001000000000000000000010010000000000000000000000000000000000000000000001010000000000000000001000000101001000000000000000000000000000000000000000000000000000000010010000000000000000000101000001000000000110000000010000000000001000000100000000
0000000000010100100000000001000001000000100000000000000000100000000000000001000000000000000000000000000001100000000000000000000001000000000100000000001000001000001000000000000100000000000000000000000000000000000000000010000001000000000000000000000000000000
0000000000010100000000000000000100001001000000001000000001000100000000010000000000000000000000001000000001000000000001000000000100000000000000000000000000000000000000100000110001110000010000000000000000000000000010000000001000000000000000010000000001000000
0000100000100010000100000000000100100011001000000000000100000000010010000000010000000001000010000000000001000001000000001000000000000000000000000000000000000000000000010000000000100001000000100000000000000000010100000000000100001000000000000000010000101010
0000000000001000000000010001010000001000000000000000000001000000000000000000100000000000000000000000000000000001000000010000010000000000100001000000000001010000000010000100000000000000000000010001010001000000010000000000000010010100000010000010000000000000
0000000000100000000000001000000000000001000101000010000100000000000000000000000000100001000100000000000000000000100000100000000000000101000101010000000100000000011000100000000001000000000000000000001100010000000010001000000000000000000010000000000100000000
0001000100000000000011000001000000000001000010000000001000000000000010000000000000110000000010010000000000000100000000001000010000000000000110000000000000000001000010100000100010000000000000000000000000100000000000001000000000000000000000000000001100000001
0000001010000000100010010000100000000000000000110010000000000000000000010000000010000000000000100000000000000010000000000010011010010000000000100001100100000000100110000100000000010000000010000000000001000000100100000000000000000100000000000000100000000000
0001000001000000011000000000000100000000000000000000000000000000000011001000000010000000010000000100000010001000000000100000000000000000010000010000000000000000000001000100000000000010000001000000100000010000000000010000000000000100101010000000000000000000
0000000000001000000000000001000000100000000001000000000000000000000000000000001000000001000000000000000001110000000000000000100010010000000000000010000000000001001000100000001000000010000000000000000000000000100000000000000000000000000000000010000110001000
0000000000000000000000000100000101000000000000000000000000010010000000000000000000010000010000000000000000010000000000101110000000000000010001000000000001000010000000000000000000000011000000011000000000000010000000000000010001000000000000000001101000000000
0000000000100000000000000000001000000000000000100001000000100001000000000000000000000001000000000000000001000000000000000000101000000000000000000101000010100100000000000000000000000000000000000000000000000000010000000000000001000000000000000100000000100000
0001000011000000000000010100000000000000100000000000100010000000000000000000000000001000000000000000000000000100000000000000100000000000000000000000000000000001000000000000010000000000000000000000101000100000000100000000000000000100000000100100000000000000
0000000100000000000100000000000000000000000000000000000000000000000000000000000000000000000000000110000100000000000010000001100001000000010000010000000000000000100000000000001001000000000010000000000000100000000000000001000000000100010000000001000000000100
0000100000000100000000001110000000000000100100000100000000000000001001000001000000000000000000000100000000001000100000000110000000000001000000000000000000000000100010000000000000000000000000000000001100000011000000000010000010000000000000000000000001000010
0000000010000000000010000000000000000000000001000000100000000000000000000010000000010000000000000000010000000000000000000110000000000000000000000000100001000000000000000001000000000000000001000000000100000000000010010100000000001000000000000000000000000000
0000000000001000000000100000000000000010000000000000010000000000010000000000000010000000000000000000000000100000000000000000000000000000001000000000000000000000000000000000001010000000000000000000000000011000010000000000000000000000000000010000000000000000
0000000000000000000101100000000000101000010000000001000100000000001000000010000000000001000010000000000000000000000000000000000000010000000000000000000000100000000100000001001000000000001000000000000000000000010000000001000010000000100000010100000100000000
1000011000101000000000001000000100000000100000000000000000100010000001000000000000000000000001000000010000001000000000001000000000100000000000000000000000000001000010000001000000000101000000000001000000000001000000000000000000000000000000000001000000000010
0000000000000000100000000000000000000000000000000100010000000000100000000000000000100001000010000000001000000000000000000000000101000000001000000000000000100000000000000000000001000000000000000001000100000000000000000010000000000000010000000100010000000010
0000000000100010000000000010100000000010100000100000000000000000001000000001000000000000000000000000000000000000000000000000000000001000000001000010000100000101000001010000001011000000001000000001010100000000001001000000000000000000000000000000110000000000
0001000000100000001000000000101000000000000000010001000001010000101000100000000001000000001000000001000000000000100001100001010001000000000000000100000000000000000000000100000001000100000000000010000000010000000000000000000000100001000100000000000000000000
0000010100000000000000000000000000000000000100000000000010000010000000000000000000001001000000000001000000000000000000000010000000000000000000000000000000000010000000000011000000000100000001000000000100000110100000001000010000001000010000100000000000001000
0000000000000000000000000000000000000011000001000000001000000010000100000110100000000000000000000000000010000000000001000000001000100000000100000000000000000000000100000000100000000000000000000100000000100011000001000010010000000000000100001001000000000000
0000000001001000001000000000000000001010000000000000100000000000000000000000000001010000100000000000000000000100000000001010000010100000000000000000000010000001001110000000100000000001000000000000001000000001000000000010000000000001000001000000000000000010
0100000001001000000000000000000000000000000000110000100000000000000100000000000000000000000100000000000010000000000000000010000000000000010100000000000100000000000000000000000011100000010000010000000000000000000010101001000000000010101000000000000100000000
0000000000100000010000000100000000000011000000000000001000000000000010000000000010001011100000000000000000000010000000000001000000000100000000000000001000000000010100000000000000001000000000000000000011000100001000000100000000000010000000000000000000000000
0001000000000000000000000000000000000000000100000000000010000100000000010000000001000000000000000000100000000001010000000001000000100000000000101000000000000000000000000000000010100011000000000000000000000000001000000000000000000000100110000010010000101010
0000000000000000101010010000000011000000000011000000001000000000000101110000000000010000000000000000000000000010000100001000000000000000000000000000000000010000000010000000100010001000100000000001000000000000001000000000000000000000000000000000000001001000
0100000000010001000000000010100000000000000000100000000000000010000000000000000001000000000000001000000000000000000000000000001000000000010000011000000001000010100000000000100000010000000000100010000000000000000000000000000000000000001000000000000000101000
0000000000000000000000000000000000000000100011000000100000000000000000001010000000000000010000000000010010000000000000000100000000011000000001000000000000000000100101100001000010000000001000000000000000000000000000100000000000001000100000000000000000100000
0011011000000000000000000001000000000000000000011000000000000000000000000000000000000001100000000011000000000000000001000000000000001000110001000000000100010000010000000000000000000010000000000000000000000000000000000001100000000000000000000000000000001010
0110000001000001001000000000000001000000000101010000000000000000000001000000100000001000000000000000000001000000100000000000000000000100011110000000110000000000000100000000000000000000000110100000000000000000000000100000011010000000001101100001100000100000
0001000000000000000100100100000000000001000000000000000001000000000000000000000000000000000000000000000000000010000000000100000000000000000110011010001000110000000000000000000000100011000000101000010000000000000000011000000000000000010000000000001010000001
0000010000010000000000000000000000000001001000000000100000000000000000000000000000000010000000000000001001010000000100000000000000010000000000010000000011001000000000001011010100000100000000000000010100000000000000000100000000000000000000000010000000000010
0100000000100000100000000000000001100100010000000000000000000010000000000000010011000000000000000110010100000000000000000000001010000000000000000000000000000000000110000000000000010001000100000000010000000000010000010000001001000011000000100000000000000000
0000000000000000010000000000001010000100000000000001000000000000000000000101000000001000000000010001001000000000000000000000000000000010000110000000100000000000000000000000000100000010001010100000000000011000000000000100000010100000000000010000000000000000
0000010110000000000000000100000000000000000100000000010000000000000000000000000000000000001001010000000000000000000101001000000000000000000000000000000100000100000000001000000000100100100000000000000000000100010000001001000001000000010000000000000000000110
0000000010000100000100100001000000000011001000000000000000100000000100100100010001000000000000000000000001000000000000001000000000000000000010000000010000000000001000001000000000000000000100001000000100000000000001000000000000001000000000000000100000010100
0000000001000010000100000010000000010000000000000001000000000000011000000100000000000000000011000000000000000011000000010000000100000000000001000000000100000001000000001000000001100001000000000000000000000000101001000000000000000010000000100000000000000000
0000000000100000000000000000000100000100000000100000000100000000000000000111000000001000000000000001001010000000000000000010000100000000000010100000001000000010000000000100000000000000000000100000000000000010100001000000001000010001000100000000000000010000
0010000000000000000000001100000000001010000000000000000000000000000000100000000100011000000000100000000000000010000000101010000001010000000010000000000000000000000010000000000000000000000000000001000000000000100000000000000000000000000000000010000010010000
0000010001000000001000000100100000000000100010000100000000010000000000000000000000000000000000001100000000000100000000000000000010010000000000000000000001001000000000000001100000000010000000000000000000000000000000010000000010000100000000100000010000010000
0010000000000001000001000000000000000001000100000000010000000000100000000000000000000000000000100000001010100001001000000000000000010000000000000100000100000000000000000000000000000000000001000000000000010000000000000000000000000000001100000000000000000000
1000000001000010001000000000000010001011000000000110000000000001000000010000000000000000000000000000000000000000100000001000000000000000000000000010001000000000000000000000000000000000011000000000001000000000000000100000000001000000010100000001000100000010
0010000001000000110001000000000000000100010000000000001000001000000000000000110110000000000000000100100000000001000000000000000001000000000001001000100010000000000000000000000100000000001000110000000000010000000010010001000100000001110100000000000000000000
1001011000001000000000000000000000000100000000000000000001000001000000000000001000000000100000010000000000100000001000000000001000100000010000100100000000000000000000010000000001000010000101000000001011100000000110000000000000100000000000000000000000000000
0000001000000000000000010101110000000000010000010000000001001000000000000000000001000000000000000000010001000000000000000001010001000000000100001010000000000000000000000000001000000000000000000000010000000000001000000100001000100000000000001000000000000100
1100010011010001001001000000001000000000100000000000101010000100001000000001000010000000000000000010000000100100000010000010001010000101000000000010000000100000000000000000000100000001000000000000000000000000000000010001000000100000001000000000001000010000
0000000001000000000000000100000000010100000010000000000001000000100100000000100001000010000000000000010000000000000000000011000001000001000100000010001000000000000000000000000000000000000000001000000001000010000000000000000000000000100000000000000000001100
0000000000000000000000001000000000000000001010000000000000000000000110100000000010000000000000000000000000000110000000000000000000000010000000001000000000000000000101000100000100001000001000000000000010000000100100100000000000000000000100000010000000000000